-314.804
-300.068
-289.352
-278.635
-242.466
-226.391
-203.618
-188.883
-156.733
-147.356
-113.866
-101.81
-84.3952
-68.3202
-58.9431
-37.5098
-22.7743
4.01736
29.4695
40.1861
57.6007
76.3549
99.1279
127.259
132.617
171.465
170.126
190.22
200.936
214.332
250.501
243.803
263.897
269.255
292.028
288.009
298.726
288.009
308.103
312.122
318.82
336.234
336.234
337.574
333.555
330.876
332.216
328.197
330.876
332.216
333.555
329.536
318.82
324.178
310.782
312.122
297.386
292.028
282.651
281.311
274.613
262.557
254.52
239.784
233.086
221.03
202.276
198.257
182.182
179.503
162.088
146.013
137.976
113.863
109.845
88.4112
87.0716
65.6382
75.0153
60.2799
56.2612
56.2612
52.2424
52.2424
36.1674
37.507
22.7715
33.4882
2.67777
-0.0013954
9.3757
-5.35973
1.33819
-10.7181
-1.34098
-17.416
-14.7368
-22.7743
-22.7743
-20.0952
-21.4347
-22.7743
-22.7743
-28.1327
-25.4535
-29.4723
-22.7743
-12.0577
-30.8118
-14.7368
-36.1702
-26.7931
-38.8493
-17.416
-10.7181
-13.3972
-0.0013954
1.33819
-2.68056
-13.3972
-13.3972
-18.7556
-12.0577
-18.7556
-10.7181
-18.7556
-5.35973
-8.0389
-8.0389
-2.68056
-9.37849
-8.0389
-5.35973
-8.0389
-9.37849
-1.34098
-5.35973
-10.7181
-2.68056
-4.02015
4.01736
8.03611
5.35694
13.3945
12.0549
24.1111
22.7715
22.7715
26.7903
28.1299
29.4695
28.1299
13.3945
21.432
4.01736
17.4132
-1.34098
1.33819
4.01736
-4.02015
-4.02015
-16.0764
-12.0577
-16.0764
-14.7368
-17.416
-9.37849
-16.0764
-13.3972
-20.0952
-22.7743
-29.4723
-30.8118
-40.1889
-30.8118
-42.8681
-30.8118
-34.8306
-20.0952
-20.0952
-13.3972
4.01736
16.0736
22.7715
20.0924
25.4507
28.1299
56.2612
57.6007
72.3362
73.6758
83.0528
95.1091
93.7695
92.4299
96.4487
100.467
113.863
117.882
109.845
112.524
127.259
129.938
131.278
120.561
133.957
131.278
132.617
116.542
113.863
119.222
125.92
116.542
103.147
93.7695
80.3737
81.7133
62.9591
57.6007
32.1486
33.4882
22.7715
18.7528
6.69653
-13.3972
-26.7931
-44.2077
-45.5473
-87.0744
-105.829
-107.168
-124.583
-125.922
-150.035
-163.431
-170.129
-178.166
-196.92
-215.675
-231.75
-259.881
-263.9
-271.937
-289.352
-298.729
-306.766
-321.502
-332.218
-354.991
-368.387
-379.104
-383.123
-397.858
-400.537
-424.65
-424.65
-428.668
-448.762
-440.725
-451.441
-450.102
-464.837
-463.498
-463.498
-470.196
-471.535
-478.233
-458.139
-466.177
-455.46
-458.139
-467.516
-468.856
-471.535
-472.875
-467.516
-472.875
-468.856
-466.177
-460.818
-448.762
-458.139
-444.743
-430.008
-427.329
-408.575
-407.235
-399.198
-367.048
-364.368
-340.256
-333.558
-326.86
-306.766
-300.068
-286.672
-273.277
-257.202
-247.825
-225.052
-211.656
-198.26
-196.92
-172.808
-159.412
-155.393
-135.299
-139.318
-116.545
-99.1307
-91.0931
-76.3577
-64.3015
-60.2827
-49.566
-29.4723
-34.8306
-18.7556
-12.0577
9.3757
30.809
30.809
60.2799
69.657
81.7133
97.7883
95.1091
115.203
133.957
146.013
167.447
168.786
176.824
187.54
191.559
208.974
208.974
227.728
230.407
258.538
269.255
278.632
290.688
309.443
325.518
334.895
344.272
361.686
372.403
384.459
397.855
409.911
420.628
443.401
460.816
472.872
495.645
502.343
529.134
534.493
553.247
565.303
572.001
604.151
606.83
614.868
624.245
626.924
648.358
660.414
667.112
676.489
685.866
691.224
699.262
696.583
704.62
708.639
715.337
726.053
723.374
738.11
735.431
735.431
738.11
731.412
739.449
735.431
734.091
736.77
726.053
716.676
699.262
685.866
680.508
673.81
661.753
655.055
640.32
625.585
621.566
604.151
597.453
582.718
562.624
538.512
507.701
498.324
471.532
454.118
423.307
391.157
387.139
359.007
337.574
312.122
289.349
279.972
257.199
233.086
222.37
191.559
187.54
159.409
141.995
125.92
108.505
87.0716
69.657
70.9966
42.8653
49.5632
18.7528
9.3757
-8.0389
-22.7743
-52.2452
-70.9994
-87.0744
-88.414
-101.81
-111.187
-117.885
-137.979
-140.658
-159.412
-170.129
-183.524
-190.222
-200.939
-217.014
-233.089
-235.768
-239.787
-246.485
-267.918
-278.635
-274.616
-277.295
-293.37
-297.389
-320.162
-329.539
-341.595
-359.01
-371.066
-379.104
-369.727
-377.764
-388.481
-401.877
-392.5
-411.254
-415.273
-425.989
-434.027
-428.668
-428.668
-431.348
-451.441
-452.781
-436.706
-427.329
-435.366
-438.046
-432.687
-428.668
-423.31
-439.385
-442.064
-438.046
-428.668
-428.668
-421.971
-424.65
-419.291
-416.612
-423.31
-434.027
-432.687
-442.064
-435.366
-435.366
-425.989
-428.668
-428.668
-425.989
-421.971
-420.631
-411.254
-420.631
-405.896
-404.556
-400.537
-383.123
-385.802
-379.104
-379.104
-369.727
-373.745
-369.727
-375.085
-367.048
-361.689
-365.708
-364.368
-367.048
-364.368
-350.973
-360.35
-354.991
-367.048
-356.331
-348.293
-349.633
-342.935
-336.237
-326.86
-333.558
-321.502
-336.237
-334.898
-336.237
-337.577
-333.558
-348.293
-334.898
-345.614
-336.237
-344.275
-353.652
-356.331
-354.991
-342.935
-349.633
-361.689
-352.312
-345.614
-329.539
-334.898
-333.558
-329.539
-320.162
-318.823
-324.181
-317.483
-312.125
-293.37
-293.37
-285.333
-278.635
-267.918
-267.918
-265.239
-275.956
-271.937
-262.56
-257.202
-251.843
-253.183
-238.447
-237.108
-225.052
-229.07
-231.75
-226.391
-203.618
-204.958
-196.92
-194.241
-174.147
-154.054
-168.789
-160.752
-146.016
-141.997
-116.545
-117.885
-101.81
-97.7911
-88.414
-64.3015
-60.2827
-36.1702
-22.7743
-8.0389
-0.0013954
2.67777
14.734
24.1111
29.4695
54.9216
53.582
81.7133
75.0153
93.7695
97.7883
107.165
100.467
101.807
105.826
105.826
119.222
112.524
123.24
124.58
128.599
136.636
124.58
133.957
144.674
154.051
156.73
158.07
151.372
155.39
158.07
160.749
146.013
150.032
162.088
167.447
168.786
166.107
167.447
178.163
187.54
182.182
182.182
180.843
200.936
210.313
206.295
208.974
215.672
226.388
235.765
241.124
241.124
246.482
266.576
267.916
283.991
282.651
301.405
310.782
326.857
329.536
333.555
344.272
357.668
376.422
368.384
387.139
384.459
401.874
423.307
419.289
423.307
448.759
462.155
487.607
490.287
503.682
506.362
521.097
537.172
537.172
541.191
550.568
576.02
584.057
584.057
593.435
616.207
600.132
598.793
584.057
606.83
612.189
626.924
633.622
634.962
647.018
637.641
648.358
633.622
633.622
634.962
636.301
647.018
629.603
634.962
626.924
626.924
620.226
594.774
597.453
597.453
585.397
578.699
553.247
531.814
538.512
509.041
515.739
486.268
468.853
451.439
428.666
421.968
395.176
371.064
354.989
329.536
322.838
298.726
292.028
281.311
267.916
259.878
230.407
215.672
194.238
180.843
168.786
147.353
131.278
117.882
108.505
81.7133
61.6195
34.8278
34.8278
18.7528
9.3757
-22.7743
-40.1889
-64.3015
-79.0369
-101.81
-132.62
-150.035
-182.185
-190.222
-219.693
-238.447
-262.56
-266.579
-292.031
-308.106
-336.237
-357.67
-380.443
-391.16
-412.593
-431.348
-439.385
-450.102
-470.196
-479.573
-490.289
-506.364
-523.779
-537.175
-541.194
-567.985
-585.4
-588.079
-605.494
-616.21
-625.587
-637.644
-656.398
-667.114
-663.096
-675.152
-685.869
-697.925
-701.944
-704.623
-705.962
-716.679
-718.019
-714
-714
-718.019
-700.604
-704.623
-697.925
-692.567
-683.19
-676.492
-667.114
-669.794
-655.058
-655.058
-645.681
-636.304
-622.908
-613.531
-597.456
-585.4
-577.362
-555.929
-557.269
-525.119
-514.402
-490.289
-476.893
-464.837
-458.139
-447.423
-442.064
-424.65
-412.593
-385.802
-367.048
-346.954
-346.954
-334.898
-332.218
-322.841
-306.766
-282.654
-282.654
-270.597
-259.881
-257.202
-239.787
-238.447
-211.656
-208.977
-187.543
-175.487
-164.77
-152.714
-137.979
-108.508
-103.149
-83.0556
-73.6785
-54.9244
-45.5473
-32.1514
-21.4347
-20.0952
-10.7181
4.01736
18.7528
17.4132
10.7153
40.1861
52.2424
61.6195
73.6758
84.3924
100.467
101.807
112.524
109.845
112.524
132.617
123.24
131.278
121.901
136.636
129.938
133.957
137.976
140.655
152.711
144.674
155.39
139.315
141.995
128.599
127.259
117.882
124.58
111.184
124.58
125.92
123.24
120.561
117.882
115.203
103.147
108.505
100.467
107.165
119.222
107.165
111.184
104.486
101.807
103.147
92.4299
108.505
107.165
123.24
115.203
131.278
121.901
128.599
131.278
128.599
132.617
129.938
150.032
156.73
168.786
164.768
190.22
194.238
206.295
211.653
207.634
219.69
230.407
250.501
258.538
267.916
273.274
289.349
286.67
301.405
304.084
317.48
330.876
333.555
341.593
338.913
352.309
354.989
367.045
373.743
376.422
389.818
383.12
391.157
393.836
397.855
397.855
411.251
416.609
419.289
409.911
409.911
409.911
407.232
419.289
411.251
423.307
409.911
417.949
404.553
392.497
383.12
363.026
354.989
350.97
329.536
329.536
313.461
302.745
298.726
283.991
274.613
231.747
219.69
199.597
187.54
166.107
135.297
111.184
99.1279
79.0341
49.5632
28.1299
2.67777
-21.4347
-52.2452
-73.6785
-104.489
-124.583
-147.356
-171.468
-192.902
-219.693
-231.75
-246.485
-265.239
-282.654
-289.352
-293.37
-305.427
-320.162
-324.181
-324.181
-329.539
-321.502
-330.879
-314.804
-321.502
-308.106
-310.785
-298.729
-293.37
-279.975
-261.22
-249.164
-225.052
-210.316
-178.166
-154.054
-127.262
-100.47
-70.9994
-40.1889
-13.3972
14.734
52.2424
80.3737
129.938
158.07
194.238
229.068
265.236
294.707
318.82
360.347
387.139
430.005
456.797
471.532
494.305
515.739
529.134
538.512
543.87
546.549
558.605
555.926
549.228
542.53
526.455
517.078
487.607
463.495
434.024
396.516
357.668
312.122
246.482
192.899
131.278
66.9778
-12.0577
-81.7161
-156.733
-221.033
-304.087
-388.481
-470.196
-558.608
-637.644
-734.094
-818.488
-918.956
-997.992
-1089.08
-1174.82
-1251.17
-1327.53
-1393.17
-1470.87
-1541.86
-1603.48
-1661.09
-1709.31
-1758.88
-1800.4
-1832.55
-1847.29
-1870.06
-1880.78
-1872.74
-1878.1
-1860.68
-1843.27
-1829.87
-1809.78
-1772.27
-1741.46
-1695.92
-1646.35
-1595.45
-1531.15
-1442.73
-1371.74
-1296.72
-1206.97
-1130.61
-1039.52
-948.427
-853.317
-758.206
-630.946
-514.402
-391.16
-251.843
-100.47
54.9216
206.295
346.951
496.984
659.074
819.824
989.952
1141.32
1296.72
1449.43
1590.09
1721.36
1843.27
1951.77
2065.64
2170.13
2257.2
2336.23
2412.59
2474.21
2522.44
2549.23
2562.62
2563.96
2566.64
2549.23
2513.06
2455.46
2395.18
2326.86
2239.78
2132.62
2009.38
1891.49
1774.95
1632.95
1492.3
1340.92
1185.53
1027.46
855.993
683.187
502.343
325.518
144.674
-44.2077
-227.731
-409.914
-581.381
-780.979
-957.804
-1130.61
-1286
-1445.41
-1578.03
-1717.35
-1843.27
-1962.49
-2073.68
-2174.15
-2255.86
-2324.18
-2377.76
-2432.69
-2459.48
-2478.23
-2476.89
-2474.21
-2451.44
-2415.27
-2363.03
-2300.07
-2239.79
-2133.96
-2045.55
-1914.27
-1803.08
-1659.75
-1512.39
-1354.32
-1182.85
-1019.43
-831.883
-644.342
-444.743
-242.466
-34.8306
178.163
391.157
592.095
813.126
1000.67
1213.66
1411.92
1623.58
1829.87
2021.43
2212.99
2407.23
2584.06
2767.58
2904.22
3063.63
3184.19
3298.06
3391.83
3464.16
3535.16
3563.29
3614.2
3620.9
3630.27
3614.2
3586.07
3553.92
3485.6
3414.6
3336.9
3236.43
3138.65
3008.71
2888.14
2756.86
2610.85
2472.87
2313.46
2164.77
1995.98
1841.93
1673.14
1470.86
1307.43
1106.5
940.387
754.185
572.001
369.724
176.824
-14.7368
-218.354
-415.273
-620.229
-806.431
-1012.73
-1208.31
-1410.58
-1595.45
-1785.67
-1977.23
-2155.39
-2341.6
-2499.67
-2660.42
-2801.07
-2939.05
-3068.99
-3180.18
-3287.34
-3366.38
-3449.43
-3523.11
-3576.69
-3618.22
-3639.65
-3674.48
-3683.86
-3666.44
-3643.67
-3614.2
-3561.96
-3509.71
-3426.66
-3339.59
-3247.15
-3153.38
-3051.57
-2929.67
-2821.17
-2701.94
-2592.1
-2483.59
-2332.22
-2214.33
-2079.04
-1957.13
-1843.27
-1701.27
-1587.41
-1452.11
-1328.87
-1205.63
-1086.4
-973.879
-876.09
-767.583
-660.417
-554.589
-455.46
-348.293
-257.202
-166.11
-72.339
-4.02015
87.0716
160.749
249.161
332.216
413.93
484.928
566.643
636.301
718.016
795.712
868.049
948.424
1011.38
1099.8
1170.8
1255.19
1336.9
1441.39
1531.14
1631.61
1711.99
1811.12
1890.15
1971.87
2069.66
2147.35
2239.78
2313.46
2388.48
2450.1
2521.1
2559.94
2598.79
2632.28
2633.62
2633.62
2622.91
2606.83
2574.68
2521.1
2471.53
2372.4
2293.37
2167.45
2044.2
1906.23
1741.46
1579.37
1395.85
1216.34
1030.14
818.485
617.547
387.139
160.749
-79.0369
-360.35
-612.192
-881.448
-1133.29
-1377.09
-1627.6
-1855.33
-2081.72
-2305.43
-2514.4
-2700.6
-2857.34
-3002.01
-3117.21
-3228.4
-3267.25
-3292.7
-3284.66
-3268.59
-3225.72
-3173.48
-3099.8
-3018.09
-2926.99
-2827.86
-2705.96
-2602.81
-2507.7
-2411.25
-2344.27
-2278.63
-2241.13
-2226.39
-2213
-2221.03
-2221.03
-2250.5
-2277.3
-2301.41
-2340.26
-2354.99
-2381.78
-2396.52
-2397.86
-2373.75
-2360.35
-2320.16
-2269.26
-2187.54
-2092.43
-1966.51
-1819.16
-1630.28
-1432.02
-1192.23
-932.352
-671.133
-363.029
-92.4327
233.086
541.191
861.351
1197.59
1533.82
1883.45
2225.05
2580.04
2928.33
3263.23
3607.5
3933.02
4266.58
4582.72
4888.14
5173.47
5441.39
5683.86
5907.57
6119.22
6298.73
6448.76
6578.7
6669.79
6731.41
6771.6
6768.92
6762.22
6716.68
6655.05
6569.32
6464.83
6325.52
6187.54
6004.02
5815.14
5594.1
5340.92
5063.63
4750.17
4438.04
4080.37
3707.97
3315.47
2898.86
2460.82
2010.72
1539.18
1064.97
565.303
64.2987
-462.158
-969.861
-1470.87
-1986.61
-2478.23
-2971.2
-3425.32
-3849.97
-4230.41
-4606.83
-4936.37
-5215
-5461.49
-5645.01
-5795.04
-5887.48
-5942.4
-5939.72
-5883.46
-5797.72
-5663.76
-5482.92
-5259.21
-5003.35
-4712.66
-4417.95
-4083.06
-3768.25
-3438.71
-3117.21
-2806.43
-2488.95
-2217.01
-1965.17
-1769.59
-1616.88
-1516.41
-1450.77
-1445.41
-1456.13
-1513.73
-1604.82
-1734.76
-1894.17
-2046.89
-2191.56
-2320.16
-2443.4
-2537.17
-2593.44
-2610.85
-2588.08
-2563.97
-2499.67
-2401.88
-2267.92
-2092.43
-1883.46
-1661.09
-1391.83
-1109.18
-842.6
-533.156
-242.466
66.9778
385.799
704.62
1011.38
1323.51
1643.67
1958.47
2247.82
2529.13
2778.3
3038.18
3275.28
3489.62
3701.27
3874.08
4048.22
4171.46
4298.73
4377.76
4447.42
4492.97
4537.17
4563.96
4585.4
4582.72
4592.09
4590.75
4578.7
4537.17
4492.97
4452.78
4404.55
4354.99
4250.5
4167.45
4040.19
3920.96
3801.74
3647.69
3462.82
3248.49
3008.71
2715.34
2383.12
2024.11
1638.31
1228.4
789.014
305.424
-182.185
-720.698
-1243.14
-1793.71
-2317.48
-2822.51
-3306.1
-3764.23
-4194.24
-4589.42
-4951.11
-5277.96
-5555.26
-5769.59
-5937.04
-6026.79
-6060.28
-6025.45
-5935.7
-5772.27
-5557.94
-5287.34
-4977.9
-4621.57
-4251.84
-3867.38
-3469.53
-3047.56
-2625.59
-2199.6
-1791.03
-1387.81
-1050.24
-744.81
-491.629
-289.352
-158.072
-111.187
-123.243
-233.089
-421.971
-676.492
-960.484
-1265.91
-1611.52
-1966.51
-2365.71
-2763.56
-3164.1
-3521.77
-3829.87
-4089.75
-4322.84
-4513.06
-4645.68
-4707.3
-4748.83
-4750.17
-4727.4
-4637.64
-4514.4
-4357.67
-4171.47
-3957.13
-3729.4
-3499
-3224.38
-2961.82
-2622.91
-2278.63
-1903.55
-1536.5
-1192.23
-830.544
-494.308
-121.904
218.351
569.322
957.802
1352.98
1795.04
2233.09
2679.17
3087.74
3477.56
3859.34
4219.69
4541.19
4889.48
5204.28
5537.84
5823.17
6076.35
6320.16
6533.15
6746.15
6912.25
7074.34
7198.93
7291.36
7394.51
7436.03
7452.11
7429.33
7385.13
7291.36
7154.72
6956.46
6697.92
6397.85
6036.17
5638.31
5184.19
4699.26
4182.18
3632.95
3042.2
2423.31
1774.95
1150.7
525.116
-125.922
-751.508
-1370.4
-1942.4
-2474.21
-2956.46
-3409.24
-3776.29
-4075.02
-4318.82
-4482.25
-4576.02
-4585.4
-4519.76
-4389.82
-4203.62
-3953.12
-3687.88
-3385.13
-3043.54
-2680.51
-2281.31
-1902.21
-1511.05
-1170.8
-857.336
-613.531
-416.612
-293.37
-253.183
-275.956
-375.085
-525.119
-750.169
-1055.59
-1401.21
-1795.04
-2219.69
-2626.93
-3043.54
-3444.07
-3851.31
-4218.35
-4596.12
-4928.33
-5224.38
-5432.02
-5576.69
-5645.01
-5626.26
-5575.35
-5442.73
-5295.38
-5091.76
-4878.77
-4621.57
-4326.86
-3962.49
-3571.33
-3152.04
-2679.17
-2160.75
-1603.48
-1036.84
-440.725
147.353
734.091
1332.89
1891.49
2424.65
2941.73
3430.67
3916.94
4385.8
4847.96
5303.41
5770.93
6183.52
6567.98
6884.12
7162.76
7399.86
7616.88
7823.17
8016.07
8167.45
8281.31
8345.61
8385.8
8419.29
8413.93
8411.25
8368.38
8324.18
8255.86
8170.12
8037.51
7872.74
7677.16
7429.33
7152.04
6805.09
6407.23
5939.72
5399.86
4806.43
4148.69
3465.5
2714
1922.3
1075.68
238.445
-626.927
-1481.58
-2341.6
-3208.31
-4016.08
-4803.75
-5511.05
-6163.43
-6746.15
-7209.65
-7586.07
-7880.78
-8112.53
-8247.82
-8278.63
-8230.41
-8065.64
-7845.95
-7512.39
-7162.76
-6768.92
-6345.61
-5891.49
-5419.96
-4918.96
-4412.59
-3942.4
-3473.54
-3062.29
-2659.08
-2340.26
-2041.53
-1855.33
-1695.92
-1634.29
-1671.8
-1757.54
-1962.49
-2172.81
-2506.36
-2858.67
-3237.78
-3634.29
-4042.87
-4470.2
-4854.66
-5237.78
-5586.07
-5915.61
-6180.84
-6367.05
-6474.21
-6480.91
-6403.22
-6253.18
-6012.06
-5754.86
-5462.83
-5165.44
-4818.49
-4424.65
-4018.76
-3561.96
-3127.93
-2645.68
-2155.39
-1643.67
-1138.65
-616.21
-61.6223
467.514
972.537
1453.45
1902.21
2320.16
2701.94
3052.91
3407.9
3756.19
4108.5
4495.64
4838.58
5197.59
5523.11
5777.63
6001.34
6164.77
6333.55
6459.48
6640.32
6760.88
6909.58
7031.48
7144
7252.51
7296.72
7350.3
7324.85
7287.34
7209.64
7078.36
6906.9
6684.53
6434.02
6121.9
5793.7
5403.88
4967.18
4502.34
3973.21
3413.26
2793.03
2104.49
1361.02
596.114
-207.637
-1016.75
-1813.8
-2553.25
-3260.55
-3937.04
-4569.32
-5110.52
-5547.22
-5888.82
-6140.66
-6298.73
-6318.82
-6234.43
-6042.87
-5774.95
-5454.79
-5030.14
-4539.85
-3986.6
-3383.79
-2756.87
-2119.22
-1485.6
-833.223
-190.222
417.949
1003.35
1556.6
2041.53
2421.97
2722.03
2868.05
2914.93
2838.58
2636.3
2320.16
1914.26
1417.28
794.372
112.524
-620.229
-1414.6
-2200.94
-2945.75
-3638.31
-4261.22
-4814.47
-5288.68
-5707.97
-6064.3
-6333.56
-6496.99
-6569.32
-6525.12
-6395.18
-6202.28
-5938.38
-5624.92
-5286
-4904.22
-4496.99
-4073.68
-3611.52
-3118.55
-2640.32
-2136.64
-1657.07
-1184.19
-726.056
-265.239
202.276
644.339
1060.95
1418.62
1766.91
2050.9
2368.38
2661.75
2965.84
3284.66
3632.95
4030.81
4400.53
4776.96
5138.64
5465.5
5773.61
6017.41
6186.2
6342.93
6496.98
6668.45
6866.71
7067.65
7247.15
7411.92
7556.6
7626.25
7666.44
7638.31
7574.01
7458.81
7241.79
6947.08
6542.53
6111.18
5587.41
5064.97
4490.29
3887.47
3223.04
2505.02
1703.95
810.447
-111.187
-1047.56
-1961.15
-2886.81
-3726.73
-4511.72
-5206.97
-5791.03
-6254.52
-6640.32
-6881.45
-6975.22
-6984.6
-6913.6
-6766.24
-6492.97
-6144.68
-5663.76
-5127.93
-4499.67
-3789.69
-2992.63
-2187.54
-1390.49
-597.456
178.163
935.029
1647.69
2314.8
2890.82
3375.75
3742.8
4028.13
4121.9
4101.81
3916.94
3564.63
3082.38
2496.98
1858
1157.4
413.93
-380.443
-1286
-2187.54
-3043.54
-3845.95
-4530.48
-5133.29
-5640.99
-6037.51
-6310.78
-6478.23
-6547.89
-6478.23
-6309.44
-5986.6
-5576.69
-5074.35
-4550.57
-4030.81
-3438.71
-2897.52
-2281.31
-1714.67
-1105.16
-529.137
54.9216
574.68
1054.25
1527.12
1962.49
2375.08
2724.71
3028.8
3275.28
3504.35
3710.65
3849.96
3957.13
4071
4196.92
4346.95
4527.79
4723.37
4884.12
5028.8
5172.13
5243.13
5315.47
5357
5387.81
5446.75
5489.62
5584.73
5667.78
5736.1
5740.12
5662.42
5537.84
5366.37
5149.36
4837.24
4464.83
3994.64
3519.09
2932.35
2324.18
1657.06
922.972
164.768
-655.058
-1477.56
-2363.03
-3194.91
-4077.7
-4943.07
-5784.33
-6580.04
-7283.32
-7895.51
-8407.23
-8814.47
-9098.46
-9272.61
-9322.17
-9290.02
-9142.67
-8888.14
-8521.1
-8054.92
-7515.07
-6881.45
-6170.13
-5370.4
-4494.31
-3610.18
-2679.17
-1760.22
-851.977
37.507
900.199
1693.23
2430
3089.08
3630.27
4069.66
4360.35
4534.49
4554.59
4389.82
4057.6
3559.27
2921.63
2217.01
1399.86
496.984
-458.139
-1418.62
-2368.39
-3273.95
-4060.28
-4789.02
-5340.92
-5787.01
-6079.04
-6261.22
-6293.37
-6223.71
-6000
-5698.59
-5265.91
-4751.51
-4119.22
-3330.21
-2555.93
-1748.16
-1010.05
-230.41
494.305
1212.32
1870.06
2446.08
2993.97
3488.28
3894.17
4199.6
4423.31
4584.06
4707.3
4778.3
4809.11
4837.24
4905.56
4939.05
4969.86
5007.37
5043.53
5123.91
5248.49
5335.56
5441.39
5536.5
5620.9
5707.97
5800.4
5915.6
6009.37
6162.09
6300.06
6450.1
6614.87
6716.68
6814.47
6811.79
6755.52
6629.6
6450.1
6194.24
5788.34
5340.92
4764.9
4127.26
3397.19
2598.79
1741.46
849.295
-64.3015
-1031.48
-2012.06
-3016.75
-3991.96
-4937.71
-5837.91
-6622.91
-7296.72
-7776.29
-8146.01
-8368.39
-8463.5
-8448.76
-8277.29
-8012.06
-7612.86
-7141.33
-6546.55
-5856.67
-5083.72
-4249.16
-3387.81
-2472.87
-1565.98
-637.644
243.803
1138.65
1985.26
2775.62
3504.35
4100.47
4597.45
4939.05
5164.1
5220.36
5158.74
4957.8
4651.04
4166.11
3512.39
2727.39
1792.36
805.089
-168.789
-1129.27
-2085.73
-3018.09
-3879.44
-4663.1
-5330.21
-5816.48
-6211.65
-6451.44
-6539.85
-6491.63
-6278.63
-5986.6
-5590.09
-5095.78
-4521.1
-3841.93
-3107.84
-2300.07
-1481.58
-693.906
89.7508
823.843
1536.5
2186.2
2755.52
3213.66
3604.82
3914.26
4186.2
4377.76
4466.17
4515.74
4488.95
4509.04
4503.68
4490.29
4456.8
4424.65
4388.48
4368.38
4340.25
4336.23
4373.74
4425.99
4503.68
4590.75
4672.47
4752.84
4794.37
4789.01
4813.13
4829.2
4878.77
4892.16
4902.88
4876.09
4799.73
4675.15
4476.89
4217.01
3868.72
3395.85
2851.97
2207.63
1456.13
672.47
-234.429
-1129.27
-2103.15
-3023.44
-3907.57
-4701.94
-5442.73
-6184.86
-6869.39
-7503.01
-8025.45
-8454.12
-8763.56
-8924.31
-8914.94
-8743.47
-8454.12
-8050.9
-7553.92
-7004.69
-6400.54
-5706.63
-4987.27
-4198.26
-3328.87
-2467.52
-1618.22
-807.771
-16.0764
720.695
1440.05
2037.51
2586.74
3066.31
3436.03
3745.48
3943.74
4058.94
4002.68
3847.29
3540.52
3117.21
2549.23
1851.3
1067.65
267.916
-541.194
-1342.27
-2163.43
-2941.73
-3653.05
-4261.22
-4724.72
-5074.35
-5303.42
-5407.9
-5402.55
-5298.06
-5070.33
-4752.85
-4337.58
-3868.72
-3290.02
-2683.19
-2022.77
-1311.45
-601.475
119.222
772.939
1401.2
1931.68
2397.85
2780.98
3064.97
3304.75
3470.86
3582.05
3670.46
3687.87
3667.78
3655.72
3596.78
3527.12
3462.82
3409.24
3336.9
3280.64
3251.17
3241.79
3306.09
3401.2
3492.3
3622.24
3776.29
3974.55
4203.61
4430
4685.87
4835.9
4983.25
5052.91
5062.29
5054.25
4989.95
4826.52
4588.08
4271.93
3860.68
3361.02
2730.07
1982.58
1148.02
273.274
-617.55
-1545.88
-2494.31
-3462.83
-4434.03
-5371.74
-6239.79
-6983.26
-7651.71
-8166.11
-8593.44
-8912.26
-9052.91
-9082.38
-8931.01
-8655.06
-8247.82
-7718.69
-7090.42
-6350.97
-5544.54
-4691.23
-3847.29
-3015.41
-2188.88
-1346.28
-496.987
308.103
1098.46
1808.44
2487.61
3117.21
3626.25
4016.07
4296.05
4467.51
4565.3
4594.77
4589.42
4442.06
4226.39
3886.13
3432.01
2889.48
2278.63
1649.03
972.537
290.688
-373.745
-1032.82
-1600.8
-2058.94
-2416.61
-2643
-2756.87
-2811.79
-2767.58
-2647.02
-2480.91
-2263.9
-2033.49
-1742.8
-1418.62
-1020.76
-577.362
-116.545
326.857
776.958
1243.13
1687.88
2062.96
2411.25
2681.85
2920.29
3086.4
3200.27
3316.81
3389.15
3453.45
3461.49
3493.64
3517.75
3563.29
3560.61
3513.73
3398.52
3319.49
3279.3
3288.68
3312.79
3406.56
3586.07
3803.08
4058.94
4297.39
4533.15
4770.26
5063.63
5344.94
5591.42
5789.68
5933.02
5994.64
5971.87
5801.74
5515.07
5158.74
4715.34
4180.84
3539.18
2744.81
1862.02
845.276
-226.391
-1284.66
-2360.35
-3382.45
-4404.56
-5352.98
-6204.96
-6889.48
-7415.94
-7793.7
-7997.32
-8092.43
-8017.41
-7792.36
-7403.89
-6913.6
-6357.67
-5758.88
-5087.74
-4387.14
-3636.97
-2866.71
-2069.66
-1276.63
-542.533
187.54
868.049
1460.15
1955.79
2369.72
2700.6
2979.23
3158.74
3311.45
3401.2
3411.92
3327.53
3181.51
2979.23
2747.49
2452.78
2061.62
1622.24
1101.14
569.322
1.33819
-535.835
-1035.5
-1503.02
-1947.76
-2396.52
-2785
-3117.21
-3363.7
-3568.65
-3722.71
-3809.78
-3816.48
-3774.95
-3661.09
-3552.58
-3403.89
-3233.76
-3016.75
-2747.49
-2479.57
-2171.47
-1898.19
-1596.79
-1265.91
-943.069
-628.267
-325.52
-24.1139
195.578
403.214
573.341
747.487
862.691
943.066
1031.48
1083.72
1201.61
1316.81
1398.52
1478.9
1553.92
1627.59
1741.46
1862.02
1993.3
2186.2
2415.27
2744.81
3106.5
3442.73
3819.15
4230.41
4640.32
5044.87
5370.39
5640.99
5808.44
5833.89
5732.08
5472.2
5055.59
4451.44
3717.35
2882.78
1973.21
920.293
-254.522
-1445.41
-2688.55
-3862.02
-4939.05
-5945.08
-6827.86
-7590.09
-8164.77
-8519.76
-8697.92
-8711.32
-8565.3
-8275.95
-7801.74
-7190.89
-6467.52
-5689.22
-4861.35
-4075.02
-3277.96
-2559.95
-1878.1
-1269.93
-744.81
-278.635
108.505
462.155
711.318
941.727
1051.57
1131.95
1117.21
1123.91
1106.5
1077.02
1056.93
995.31
991.291
989.952
1006.03
1007.37
1006.03
976.556
933.689
826.522
663.093
448.759
207.634
-20.0952
-288.012
-543.873
-799.733
-1058.27
-1279.3
-1499
-1658.41
-1868.72
-2016.08
-2180.85
-2279.97
-2286.67
-2271.94
-2200.94
-2152.71
-2001.34
-1847.29
-1653.05
-1402.55
-1125.25
-780.979
-438.046
-37.5098
405.893
838.579
1255.19
1619.56
1957.13
2269.25
2581.38
2783.66
2925.65
3006.03
3059.61
3127.93
3213.66
3294.04
3342.26
3379.77
3432.01
3548.56
3647.69
3801.74
3978.56
4298.73
4699.26
5126.59
5541.86
5953.11
6431.34
6869.39
7273.94
7616.88
7815.13
7837.91
7706.63
7423.98
6964.5
6293.37
5414.6
4409.91
3320.83
2140.65
866.71
-478.233
-1824.52
-3090.42
-4286.67
-5296.72
-6128.6
-6786.34
-7316.81
-7686.54
-7816.48
-7733.42
-7477.56
-7091.76
-6510.38
-5803.08
-4977.9
-4132.62
-3223.04
-2377.76
-1614.2
-906.9
-305.427
245.143
649.697
897.52
1016.74
1079.7
1091.76
1038.18
1008.71
937.708
825.183
692.564
593.435
589.416
605.491
671.13
766.241
964.499
1186.87
1477.56
1797.72
2058.94
2326.86
2533.15
2661.75
2722.03
2604.15
2317.48
1867.38
1414.6
957.802
381.78
-313.464
-1048.9
-1769.59
-2397.86
-2854.66
-3176.16
-3413.26
-3679.84
-3920.97
-3934.36
-3781.65
-3564.64
-3383.79
-3173.48
-2819.83
-2313.46
-1689.22
-1051.58
-459.479
133.957
680.508
1318.15
1927.66
2417.95
2790.35
2995.31
3131.95
3252.51
3291.36
3252.51
3156.06
3022.1
2872.07
2846.62
2909.58
2976.56
3035.5
3032.82
3184.19
3464.16
3776.29
4223.71
4714
5279.3
5807.1
6285.33
6683.19
7039.52
7352.98
7446.75
7284.66
6997.99
6534.49
5883.45
5006.03
3899.53
2632.28
1302.07
-10.7181
-1323.51
-2601.47
-3965.17
-5277.96
-6498.33
-7516.41
-8328.2
-8956.46
-9477.56
-9833.89
-10000
-9942.4
-9666.44
-9264.57
-8751.51
-8230.41
-7600.8
-6839.92
-6030.81
-5306.1
-4699.26
-4207.64
-3782.99
-3429.34
-3180.18
-3054.25
-3046.22
-3173.48
-3383.79
-3564.64
-3707.97
-3849.97
-3961.15
-3974.55
-3890.15
-3682.52
-3354.32
-2916.28
-2397.86
-1824.52
-1231.08
-517.081
267.916
1030.14
1653.05
2174.14
2590.76
2914.93
3089.08
2922.97
2436.7
1761.55
1043.53
322.838
-470.196
-1338.25
-2155.39
-2853.32
-3393.17
-3632.95
-3718.69
-3679.84
-3686.54
-3604.82
-3279.3
-2771.6
-2257.2
-1820.5
-1358.34
-771.602
-38.8493
799.731
1711.99
2522.44
3279.3
3911.59
4565.3
5090.42
5363.7
5394.51
5241.79
5056.93
4821.16
4569.32
4294.71
4026.79
3858
3864.7
4010.71
4279.97
4513.06
4719.35
4937.71
5248.49
5594.1
5931.68
6281.31
6680.51
7221.7
7702.61
8081.71
8320.16
8510.38
8648.36
8656.39
8506.36
8166.11
7521.77
6617.55
5505.69
4344.27
3043.53
1638.31
172.805
-1221.7
-2496.99
-3670.46
-4822.51
-5919.63
-6928.33
-7812.46
-8455.46
-8904.22
-9169.46
-9314.13
-9252.51
-9014.07
-8653.72
-8144.68
-7565.97
-6944.41
-6314.8
-5623.58
-4936.37
-4328.2
-3847.29
-3579.37
-3462.83
-3436.04
-3450.77
-3468.19
-3608.84
-3788.35
-4025.45
-4210.32
-4286.67
-4301.41
-4202.28
-4066.98
-3732.08
-3267.25
-2585.4
-1803.08
-906.9
-8.0389
817.145
1665.1
2525.12
3322.17
3949.09
4359.01
4486.27
4448.76
4089.75
3390.49
2399.19
1371.73
364.366
-613.531
-1606.16
-2526.46
-3268.59
-3791.03
-4005.36
-3946.42
-3679.84
-3393.17
-2991.29
-2424.65
-1785.67
-1198.93
-776.96
-301.408
318.82
1034.16
1820.49
2594.77
3441.39
4254.52
4943.07
5458.81
5841.93
5963.83
5772.27
5343.6
4762.22
4238.44
3744.14
3342.26
3146.68
3064.97
3176.15
3513.73
4117.88
4734.09
5334.22
5835.23
6373.74
6937.71
7357
7616.88
7796.38
8154.05
8474.21
8750.16
8931.01
9119.89
9363.69
9449.43
9304.75
8928.33
8302.74
7403.88
6309.44
5090.42
3709.31
2174.14
652.376
-756.867
-1943.74
-3066.31
-4243.81
-5362.36
-6274.62
-6980.58
-7508.37
-7856.66
-8121.9
-8257.2
-8342.93
-8211.65
-7900.87
-7437.37
-6896.18
-6400.54
-5875.42
-5332.89
-4811.79
-4314.8
-3997.32
-3807.1
-3800.4
-3841.93
-3969.19
-4195.58
-4533.16
-4991.29
-5460.15
-5812.46
-5941.06
-5942.4
-5777.63
-5456.13
-4869.39
-4076.36
-3059.61
-1930.34
-794.375
274.613
1235.1
2099.13
2825.18
3346.28
3579.37
3541.86
3296.72
2897.52
2431.34
1757.53
608.17
-720.698
-1954.46
-2811.79
-3352.98
-3941.06
-4644.34
-5196.25
-5395.85
-5144.01
-4525.12
-3774.95
-3152.04
-2695.25
-2029.47
-1064.97
-36.1702
661.753
941.727
1312.79
2002.68
2847.96
3650.37
4242.46
4588.08
4711.32
4695.24
4704.62
4470.19
3761.55
2644.34
1639.65
1148.02
906.897
829.201
931.01
1344.94
2144.67
3154.72
4261.22
5279.3
5971.87
6279.97
6356.33
6515.74
6630.94
6617.55
6636.3
6876.09
7291.36
7598.12
7799.06
7982.58
8128.6
7947.75
7339.58
6466.17
5295.38
3859.34
2092.43
301.405
-1307.44
-2770.26
-3969.19
-4870.73
-5300.74
-5576.69
-5982.59
-6593.44
-7081.05
-7473.54
-7872.74
-8381.78
-8909.58
-9186.87
-9283.32
-9081.05
-8732.75
-8187.54
-7618.22
-7011.39
-6242.47
-5464.17
-4806.43
-4471.53
-4403.22
-4486.27
-4739.45
-5180.17
-5705.29
-6133.96
-6549.23
-6880.11
-6952.45
-6609.51
-5914.27
-5031.48
-4117.88
-3015.41
-1673.14
-346.954
918.954
2002.68
2846.62
3417.28
3757.53
4024.11
4251.84
4279.97
4040.19
3729.4
3426.66
3169.46
2843.94
2206.29
1122.57
-196.92
-1448.09
-2286.67
-2772.94
-3212.33
-3732.08
-4075.02
-3945.08
-3173.48
-1768.25
-225.052
1062.29
1958.47
2814.47
3837.91
4693.9
4890.82
4464.83
3908.91
3622.24
3690.55
3853.98
3939.72
3918.28
3851.3
3795.04
3758.87
3653.05
3158.74
2305.42
1486.94
1043.53
1022.1
1204.29
1547.22
2249.16
3087.74
4158.07
5323.51
6428.66
7310.11
7630.27
7636.97
7649.03
7758.87
7720.02
7549.9
7694.57
8072.34
8468.85
8705.96
8780.98
8805.09
8527.79
7773.61
6667.11
5386.47
3886.13
2135.3
415.27
-977.898
-1961.15
-2709.98
-3212.33
-3327.53
-3342.26
-3480.24
-3821.84
-4219.69
-4767.58
-5521.77
-6424.65
-7044.88
-7394.51
-7565.97
-7596.79
-7410.58
-6802.41
-6163.43
-5540.52
-4985.94
-4440.72
-4178.17
-4353.65
-4704.62
-5107.84
-5586.07
-6242.47
-6955.12
-7426.66
-7508.37
-7290.02
-6838.58
-6087.07
-5012.73
-3812.46
-2596.12
-1430.68
-357.67
505.022
1102.48
1548.56
1792.36
1821.83
1623.58
1450.77
1407.9
1327.53
1202.95
985.933
764.901
486.268
54.9216
-502.346
-1464.17
-2943.07
-4636.3
-5805.76
-6129.94
-5778.97
-5480.24
-5224.38
-4604.15
-3457.47
-1768.25
-8.0389
1583.39
2298.73
2231.75
2040.19
2105.83
2018.75
1117.21
-66.9806
-634.964
-354.991
304.084
965.839
1490.96
1831.21
1878.1
1815.14
1832.55
1578.03
768.92
-207.637
-657.737
-261.22
606.83
1595.44
2763.56
4044.2
5338.24
6573.34
7540.52
8060.28
7908.91
7294.04
6748.83
6515.74
6415.27
6306.76
6494.3
7156.06
8341.59
9320.83
9592.76
9299.39
8519.76
7505.69
6346.95
5026.12
3458.81
1828.53
491.626
-192.902
-318.823
-146.016
-1.34098
108.505
198.257
137.976
-364.368
-1474.88
-2947.09
-4472.87
-5899.53
-6811.79
-7077.03
-6783.66
-6081.72
-5454.79
-4751.51
-4001.34
-3379.77
-3310.11
-3750.84
-4551.91
-5419.96
-6135.3
-6768.92
-7095.78
-7272.61
-7196.25
-6821.17
-6132.62
-5150.7
-4225.05
-3545.88
-3090.42
-2735.43
-2407.23
-2095.11
-1776.29
-1457.47
-1093.1
-545.212
108.505
819.824
1445.41
1746.82
1825.85
1675.82
1442.73
1074.35
401.874
-360.35
-993.973
-1547.22
-1902.21
-1991.96
-2144.68
-2798.39
-3781.65
-4428.67
-4231.75
-3452.11
-3056.93
-3164.1
-3169.46
-2868.05
-2182.18
-1097.12
-226.391
-13.3972
-396.518
-677.831
-460.818
-66.9806
-282.654
-1067.65
-1559.28
-1331.55
-600.135
267.916
904.218
1127.93
1024.78
1067.65
1343.6
1564.63
1273.94
697.922
468.853
1144
2183.52
3261.89
4135.3
4846.62
5565.97
6273.27
6976.55
7379.77
7398.52
6750.17
6203.61
6127.26
6604.15
7165.44
7497.65
7833.89
8245.14
8320.16
7868.72
6963.16
5898.19
4640.32
3236.43
1962.49
1173.47
770.26
404.553
245.143
483.589
951.104
1014.06
949.764
622.905
50.9028
-1071.67
-2443.4
-3604.82
-4428.67
-5055.59
-5458.81
-5176.16
-4517.08
-3777.63
-3413.26
-3295.38
-3505.69
-4104.49
-4984.6
-5833.89
-6447.42
-6839.92
-7040.86
-6853.32
-6179.5
-5473.54
-4720.7
-4210.32
-3757.54
-3493.64
-3418.62
-3365.04
-3235.1
-2973.88
-2640.32
-1941.06
-866.713
322.838
1311.45
1998.66
2644.34
2914.93
2681.85
2112.52
1470.86
888.143
491.626
263.897
354.989
665.772
1144
1650.37
1963.83
1937.04
1040.86
-507.704
-1957.13
-2751.51
-3040.86
-3268.59
-3697.25
-3701.27
-3200.27
-2298.73
-1158.74
-37.5098
324.178
-105.829
-581.381
-866.713
-956.465
-1540.52
-2478.23
-2979.24
-2531.82
-1449.43
-270.597
814.466
1555.26
1787
1993.3
2239.78
2450.1
2017.41
1208.3
791.693
1265.91
2320.16
3259.21
3974.55
4612.19
5332.88
5866.04
6293.37
6397.85
6141.99
5458.81
4944.41
5051.57
5695.91
6385.8
6872.07
7168.12
7584.73
7695.91
7402.54
6427.33
5256.53
4099.13
3106.5
2667.11
2772.94
3269.92
3606.16
3989.28
4474.21
5101.14
5000.67
4176.82
2959.14
1748.16
503.682
-894.844
-1955.79
-2622.91
-3070.33
-3390.49
-3310.11
-2779.64
-2313.46
-2384.46
-2912.26
-3711.99
-4689.89
-5828.53
-6758.21
-7173.48
-7221.7
-7177.5
-6711.32
-5741.46
-4751.51
-4182.18
-4479.57
-4861.35
-5253.85
-5533.83
-5924.98
-6030.81
-5682.52
-4948.43
-3902.21
-2535.83
-1106.5
-192.902
174.145
241.124
159.409
-212.995
-787.677
-1219.02
-1201.61
-892.165
-425.989
353.649
1299.4
2073.68
2263.9
1840.59
1051.57
-100.47
-1756.2
-3933.02
-6277.29
-7963.83
-8411.25
-7891.49
-6818.49
-5907.57
-5294.04
-4762.22
-4292.03
-3954.45
-3927.66
-4521.1
-5561.96
-6242.47
-6168.79
-5449.43
-4664.43
-4032.15
-3225.72
-2005.36
-442.064
872.068
1662.42
1718.69
1265.91
878.766
672.47
649.697
397.855
80.3737
304.084
1192.23
2538.51
3574.01
4054.92
4293.37
4317.48
4491.63
4829.2
5188.21
5153.38
4834.56
4703.28
5263.23
6092.43
6602.81
6687.2
6754.18
6892.16
7038.18
6660.41
6158.07
5805.76
5666.44
5675.82
6135.3
6948.42
7466.84
7635.63
7423.98
7165.44
6649.7
5772.27
4555.93
3485.6
2728.73
1943.74
1121.23
522.437
132.617
-191.562
-649.7
-1169.46
-1616.88
-2226.39
-2892.16
-3734.76
-4479.57
-5303.42
-6127.26
-6557.27
-6554.59
-6124.58
-5571.33
-4909.58
-4219.69
-3776.29
-3764.23
-4006.7
-4277.29
-4715.34
-5383.79
-5754.86
-5557.94
-4967.18
-4008.04
-2860.01
-1655.73
-487.61
308.103
937.708
1476.22
1748.16
1821.83
1890.15
2180.84
2645.68
3149.36
3524.45
3578.03
3441.39
3114.53
2551.91
1667.78
346.951
-1050.24
-2593.44
-4249.16
-5943.74
-6901.54
-6722.04
-5750.84
-4913.6
-4620.23
-4527.8
-4501.01
-4127.26
-3504.35
-2839.92
-2783.66
-2956.46
-2633.62
-1579.37
-475.554
5.35694
46.8841
258.538
842.597
1362.36
1649.03
1610.18
1338.24
977.895
663.093
505.022
395.176
-32.1514
-357.67
-330.879
294.707
1028.8
1612.86
1945.08
2040.19
2354.99
2643
3127.93
3393.17
3370.39
3210.98
3387.81
4183.52
5247.15
5624.91
5628.93
5575.35
6000
6393.84
6246.48
5811.12
5365.03
5445.41
5721.36
6321.5
6949.76
7134.63
6794.37
6428.66
6389.82
5945.07
4912.26
3642.33
2687.21
2014.73
1212.32
413.93
-172.808
-758.206
-1569.99
-2195.58
-2392.5
-2529.14
-3217.68
-4104.49
-4648.36
-4772.94
-4999.33
-5291.36
-5284.66
-5068.99
-4817.15
-4455.46
-3645.01
-2878.77
-2968.52
-3448.09
-3776.29
-3821.84
-3845.95
-4084.39
-3912.93
-3133.29
-1915.61
-565.306
984.593
2541.19
3545.88
4171.46
4644.34
5153.38
5118.55
4661.75
4183.52
3910.25
3947.75
3906.23
3864.7
3699.93
3259.21
2521.1
1623.58
561.285
-731.415
-2273.28
-3809.78
-5113.2
-6368.39
-7653.05
-8300.07
-7669.12
-6140.66
-4638.98
-3920.97
-3758.88
-3667.78
-3623.58
-3407.9
-3107.84
-3030.14
-3296.72
-3336.91
-2766.24
-2022.77
-1816.48
-2474.21
-3121.23
-3145.35
-2705.96
-2447.42
-2474.21
-2665.77
-3048.9
-3389.15
-3606.16
-3612.86
-3690.56
-3969.19
-3868.72
-2960.48
-1657.07
-563.966
-120.564
52.2424
127.259
357.668
841.258
1370.39
1868.72
2251.84
2985.93
4058.94
5110.51
5807.1
6219.69
6638.98
6779.64
6507.7
6065.64
5872.74
6061.62
6501
6945.74
7519.09
7882.11
8022.77
7470.86
6629.6
5363.7
3998.66
2851.97
1878.1
1275.28
435.364
-270.597
-1020.76
-1547.22
-1920.97
-2301.41
-2664.44
-3267.25
-3887.48
-4266.58
-4487.61
-4565.31
-4827.86
-5105.16
-5276.62
-5118.55
-4602.81
-4010.72
-3497.66
-3240.46
-3020.76
-2981.92
-2868.05
-2756.87
-2687.21
-2589.42
-2091.09
-1192.23
13.3945
1461.49
2827.86
4026.79
4858.67
5413.26
5682.52
5683.86
5307.43
4553.25
3867.38
3516.41
3340.92
3107.83
2598.79
2101.81
1426.66
494.305
-581.381
-1829.87
-3133.29
-5089.08
-7252.51
-8522.44
-8296.05
-6928.33
-5584.73
-4775.62
-4395.18
-3949.1
-3414.6
-2967.18
-2588.08
-2697.92
-3184.19
-3426.66
-3003.35
-2361.69
-2407.23
-3320.83
-4336.24
-4488.95
-4046.89
-3580.71
-3513.73
-3774.95
-4278.63
-4596.12
-4688.55
-4791.7
-5138.65
-5638.31
-5248.49
-3808.44
-1789.69
-239.787
444.741
742.128
768.92
747.487
559.945
428.666
387.139
279.972
948.424
2715.34
4648.36
5973.21
6388.48
6625.58
7093.1
7638.31
7878.1
7481.58
6815.8
6474.21
6880.1
8000
9115.87
9410.58
9081.04
8596.11
8263.9
7685.2
6684.53
5114.53
3718.69
2559.94
1875.42
1177.49
246.482
-945.748
-2013.4
-2424.65
-2344.27
-2179.51
-2388.48
-2937.71
-3351.64
-3418.62
-3223.04
-3347.62
-3737.44
-4123.24
-4192.9
-3792.37
-2969.86
-2083.06
-1614.2
-1460.15
-1553.92
-1551.24
-1390.49
-997.992
-572.004
-21.4347
1015.4
2388.48
4001.34
5312.79
6154.05
6503.68
6701.94
6913.59
6898.86
6665.77
6237.1
5724.04
5383.79
5107.83
4746.15
4020.09
2977.9
1809.78
609.51
-565.306
-1594.11
-2464.84
-3237.78
-4142
-5192.23
-5966.51
-5685.2
-4588.08
-3286
-2372.41
-2034.83
-2100.47
-2352.31
-2294.71
-2405.9
-2884.13
-3840.59
-4815.81
-5149.36
-4921.64
-4940.39
-5651.71
-6709.98
-7338.25
-7181.51
-6664.43
-6341.59
-6588.08
-6993.97
-6977.9
-6621.57
-6093.77
-5811.12
-5417.28
-4625.59
-3355.66
-2004.02
-1036.84
-533.156
-669.794
-992.634
-1038.18
-404.556
479.57
1496.31
2321.5
3307.43
4365.7
5256.53
5631.61
5508.37
5711.99
6342.93
7103.82
7591.42
7780.31
8120.56
8537.17
8993.97
9047.55
8581.38
7721.36
6577.36
5785.66
5122.57
4479.57
3334.22
2452.78
1997.32
1428
480.909
-1094.44
-2349.63
-3046.22
-3261.89
-3340.93
-3466.85
-3449.43
-3650.37
-3365.04
-2878.77
-2708.64
-3135.97
-3907.57
-3955.79
-3536.5
-2979.24
-2567.98
-2108.51
-1772.27
-1523.11
-1308.78
-1026.12
-626.927
-302.748
206.295
1343.6
2904.22
4306.76
5196.25
5717.35
5911.59
5785.66
5326.19
5022.1
5114.53
5121.23
5107.83
5245.81
5498.99
5414.6
4652.38
3224.38
1729.4
412.591
-763.565
-1540.52
-2028.13
-2475.55
-3579.37
-4660.42
-4905.56
-4025.45
-2997.99
-2818.49
-3334.23
-4222.37
-4549.23
-4468.86
-4116.54
-4056.26
-4823.85
-5813.8
-6417.95
-6451.44
-6774.28
-7821.84
-9101.14
-9604.82
-9193.57
-8471.53
-7987.94
-7875.42
-8195.58
-8596.12
-8570.66
-8079.04
-7686.54
-7666.44
-7264.57
-5946.42
-4046.89
-2430.01
-1691.9
-1517.75
-1374.42
-1090.42
-734.094
-288.012
107.165
551.907
1367.71
2487.61
3536.5
3930.34
4483.59
5370.39
6574.68
7537.84
8002.68
8131.28
8207.63
8502.34
8900.2
9407.9
9635.63
9541.86
8862.69
8087.07
7418.62
6752.84
5894.17
4814.47
3970.53
3354.32
2612.19
1553.92
234.426
-602.814
-1052.91
-1149.36
-1383.79
-1725.39
-2158.07
-2353.65
-1998.66
-1529.81
-1279.3
-1768.25
-2233.09
-2113.87
-1540.52
-1166.78
-1107.84
-1192.23
-1324.85
-1247.15
-1044.88
-636.304
-427.329
-259.881
395.176
1663.76
3020.76
3895.51
4229.07
4526.45
4900.2
5103.82
5173.47
5327.53
5515.07
5572.67
5691.89
5816.47
5839.25
5350.3
4518.42
3645.01
2864.03
2128.6
1669.12
1304.75
983.254
506.362
-314.804
-1401.21
-2873.41
-3991.96
-4180.84
-3603.48
-3094.44
-3113.2
-3671.8
-4263.9
-4732.75
-4935.03
-5094.44
-5539.18
-6270.6
-6885.47
-6967.18
-6937.71
-7453.45
-8262.56
-8735.43
-8531.82
-8147.35
-7961.15
-7800.4
-7694.58
-7614.2
-7466.85
-6955.12
-6192.9
-5568.65
-5000.67
-3986.6
-2569.32
-1263.23
-447.423
-119.224
62.9591
227.728
750.166
1713.33
2602.81
3134.63
3421.3
4021.43
4688.54
5148.02
5555.26
6187.54
7190.89
7962.49
8300.06
8261.22
8274.61
8428.66
8554.59
8655.05
8388.48
7760.21
6738.11
5934.36
5357
4843.94
4163.43
3288.68
2420.63
1303.41
79.0341
-1249.83
-2041.53
-2385.8
-2704.62
-3067.65
-3115.88
-2649.7
-2246.48
-2032.15
-2330.88
-2518.42
-2850.64
-3202.95
-3399.87
-3213.66
-2541.19
-2096.45
-1804.42
-1726.73
-1482.92
-1568.65
-1624.92
-1460.15
-835.902
70.9966
1178.83
2553.25
3849.96
4763.56
5206.96
5501.67
5659.74
5535.16
5228.4
5300.73
5772.27
6360.35
6685.87
6814.47
6825.18
6705.96
6053.58
5261.89
4466.17
3722.7
3067.65
2775.62
2425.99
1565.97
258.538
-943.069
-1377.09
-1512.39
-1879.44
-2680.51
-3493.64
-4081.72
-4375.08
-4337.58
-4293.37
-4574.68
-5316.81
-6121.9
-6515.74
-6711.32
-7236.44
-8108.51
-8813.13
-8933.69
-8692.57
-8328.2
-8186.2
-8172.81
-8328.2
-8454.12
-8176.83
-7693.24
-7219.02
-6976.56
-6396.52
-5307.44
-4148.69
-3201.61
-2495.65
-1741.46
-1173.48
-697.925
-235.768
225.049
594.774
783.656
1213.66
1804.42
2372.4
2981.91
3785.66
4822.5
5517.75
5524.45
5252.51
5377.09
5730.74
5858
5844.61
5776.29
5568.65
5277.96
4973.88
4778.3
4368.38
3401.2
2377.76
1620.9
1196.25
567.982
-166.11
-676.492
-905.561
-1082.39
-1379.77
-1607.5
-1756.2
-1926.32
-2249.16
-2278.63
-2154.05
-2174.15
-2612.19
-2992.63
-2960.48
-2735.43
-2478.23
-2306.77
-2057.6
-1975.89
-1945.08
-1800.4
-1490.96
-1156.06
-873.411
-388.481
444.741
1494.97
2443.4
3244.47
4056.26
4663.09
4983.25
5097.12
5141.32
5209.64
5220.36
5255.19
5423.98
5590.08
5733.42
5695.91
5490.96
5026.12
4321.5
3516.41
2499.66
1488.28
608.17
6.69653
-416.612
-758.206
-1173.48
-1669.12
-2247.82
-2641.66
-2772.94
-2893.5
-3154.72
-3572.67
-4050.91
-4549.23
-5252.51
-6048.23
-6724.72
-7205.63
-7453.45
-7614.2
-7724.05
-7738.78
-7823.18
-7958.47
-7937.04
-7788.35
-7646.35
-7403.89
-6952.45
-6259.88
-5407.9
-4726.06
-3979.91
-3157.4
-2182.18
-1172.14
-290.691
442.062
1024.78
1363.7
1627.59
1929
2200.94
2462.15
2913.59
3537.84
4310.78
5024.78
5686.53
6364.36
6861.35
7352.98
7693.23
7863.36
7768.25
7663.76
7749.5
7963.83
8210.31
8325.52
8388.48
8141.99
7686.53
7030.14
6373.74
5584.73
4558.6
3564.63
2783.66
2312.12
1903.55
1517.75
1125.25
553.247
-60.2827
-521.1
-1010.05
-1588.75
-2372.41
-2892.16
-3245.81
-3508.37
-3724.05
-3923.64
-3933.02
-3898.19
-3717.35
-3541.86
-3418.62
-3523.11
-3754.86
-3891.49
-3848.63
-3816.48
-3612.86
-3099.8
-2435.37
-1575.35
-636.304
255.859
997.989
1568.65
1871.4
2129.94
2286.67
2600.13
2926.99
3332.88
3774.95
4100.47
4274.61
4324.18
4196.92
3916.94
3430.67
2711.32
1967.85
1406.56
975.216
723.374
558.605
455.457
367.045
-14.7368
-521.1
-917.617
-1259.21
-1572.67
-1772.27
-1914.27
-2062.96
-2194.24
-2401.88
-2581.38
-2803.75
-3205.63
-3690.56
-4004.02
-4127.26
-4241.13
-4225.05
-3906.23
-3624.92
-3292.7
-3014.07
-2684.53
-2288.01
-2049.57
-1847.29
-1607.5
-1259.21
-826.525
-285.333
101.807
388.478
653.716
1002.01
1358.34
1466.84
1516.41
1706.63
2083.05
2547.89
3004.69
3397.19
3569.99
3525.79
3290.02
3003.35
2722.03
2397.85
2302.74
2330.88
2383.12
2353.65
2175.48
1922.3
1318.15
550.568
-373.745
-1174.82
-1930.34
-2768.92
-3481.58
-3914.27
-4186.2
-4490.29
-4793.03
-5161.42
-5468.19
-5886.14
-6222.37
-6466.18
-6668.45
-6744.81
-6703.28
-6510.38
-6214.33
-5919.63
-5544.54
-5014.07
-4455.46
-3829.87
-3127.93
-2588.08
-2112.53
-1758.88
-1354.32
-955.125
-559.948
-37.5098
665.772
1657.06
2677.83
3801.74
4912.26
5863.36
6576.02
6815.8
6889.48
6858.67
6843.94
7016.74
7338.24
7847.28
8178.16
8253.18
7910.25
7454.79
6772.94
5950.43
4945.74
3919.62
3083.72
2459.48
2012.05
1627.59
1269.92
877.426
496.984
88.4112
-328.2
-764.904
-1071.67
-1351.64
-1512.39
-1616.88
-1724.05
-1768.25
-1722.71
-1851.31
-2076.36
-2292.03
-2561.29
-2695.25
-2770.26
-2750.17
-2712.66
-2655.06
-2647.02
-2707.3
-2669.79
-2594.78
-2608.17
-2538.51
-2369.73
-2188.88
-1890.16
-1544.54
-1121.23
-709.981
-333.558
-38.8493
275.953
596.114
789.014
922.972
985.933
1043.53
1106.5
1164.1
1094.44
841.258
416.609
41.5257
-238.447
-376.425
-530.477
-626.927
-601.475
-574.683
-699.265
-1040.86
-1557.94
-2139.32
-2807.77
-3292.7
-3645.01
-3879.44
-4041.53
-4174.15
-4271.94
-4427.33
-4653.72
-4822.51
-5000.67
-5255.19
-5407.9
-5342.26
-5075.69
-4755.53
-4510.38
-4286.67
-3955.79
-3584.73
-3160.08
-2673.81
-2229.07
-1776.29
-1290.02
-679.171
-151.374
269.255
671.13
940.387
1212.32
1592.76
2166.11
2862.69
3630.27
4128.6
4648.36
5247.15
5829.87
6285.33
6467.51
6349.63
6017.41
5801.74
5868.72
6107.16
6360.35
6341.59
6231.75
5969.19
5445.41
4709.98
3816.47
2928.33
2192.9
1804.42
1847.29
2080.37
2263.9
2304.08
2401.87
2456.8
2420.63
2306.76
2158.07
2107.17
2251.84
2546.55
2754.18
2921.63
2857.33
2797.05
2704.62
2645.68
2413.93
1989.28
1527.12
1054.25
738.11
641.66
572.001
505.022
369.724
285.33
269.255
290.688
267.916
179.503
-6.69932
-108.508
121.901
447.42
797.051
1149.36
1418.62
1549.9
1461.49
1168.12
754.185
308.103
-137.979
-542.533
-786.338
-1058.27
-1334.23
-1655.73
-1947.76
-2254.52
-2622.91
-2821.17
-2897.52
-2988.61
-3099.8
-3374.41
-3640.99
-3832.55
-4104.49
-4318.82
-4519.76
-4755.53
-4939.05
-5024.78
-5071.67
-5166.78
-5386.47
-5657.07
-5908.91
-6115.2
-6274.62
-6344.27
-6267.92
-6045.55
-5678.5
-5326.19
-4967.18
-4621.57
-4275.96
-3961.15
-3711.99
-3449.43
-3073.01
-2562.63
-2194.24
-1757.54
-1442.73
-1016.75
-550.571
-144.677
261.218
613.528
1031.48
1425.32
1926.32
2383.12
2789.01
3126.59
3257.87
3265.91
3236.43
3319.49
3409.24
3634.29
3867.38
4025.45
4064.3
4037.51
3859.34
3503.01
3023.44
2499.66
2241.12
2179.5
2278.63
2479.57
2798.39
2987.27
3071.67
3093.1
3229.74
3378.43
3428
3509.71
3720.02
4004.02
4144.67
4198.26
4129.94
4012.05
3736.1
3446.75
3205.62
3047.55
2873.41
2685.87
2472.87
2257.2
2010.72
1574.01
1127.93
699.262
312.122
-9.37849
-159.412
-306.766
-542.533
-797.054
-1048.9
-1220.36
-1465.51
-1785.67
-2048.23
-2191.56
-2337.58
-2620.23
-3010.05
-3434.7
-3816.48
-4218.35
-4661.76
-4993.97
-5374.41
-5828.53
-6265.24
-6549.23
-6724.72
-6786.34
-6640.32
-6341.59
-6073.68
-5906.23
-5884.8
-5924.98
-6054.92
-6147.35
-6057.6
-5804.42
-5366.38
-4926.99
-4415.27
-3961.15
-3716.01
-3682.52
-3816.48
-3937.04
-3926.32
-3787.01
-3454.79
-3020.76
-2464.84
-1855.33
-1261.89
-885.467
-709.981
-576.023
-381.783
61.6195
561.285
1043.53
1444.07
1649.03
1875.42
2105.83
2296.05
2363.03
2488.95
2861.35
3340.92
3855.32
4282.65
4697.92
4984.59
5188.21
5453.45
5693.23
5808.44
5766.91
5685.2
5784.32
5986.6
6129.94
6188.88
6144.67
6089.75
5888.81
5636.97
5389.15
5141.32
4857.33
4787.67
4881.44
5090.42
5279.3
5465.5
5651.71
5626.25
5630.27
5541.86
5437.37
5264.57
5237.77
5393.17
5582.05
5561.95
5327.53
4972.54
4530.47
4071
3521.77
2904.22
2363.03
1821.83
1363.7
892.162
440.722
-100.47
-649.7
-1161.42
-1616.88
-1974.55
-2408.57
-2869.39
-3314.13
-3707.97
-4056.26
-4329.54
-4553.25
-4687.21
-4850.64
-5133.29
-5488.28
-5875.42
-6194.24
-6405.89
-6475.55
-6420.63
-6352.31
-6281.31
-6139.32
-6036.17
-6013.4
-6160.75
-6309.44
-6293.37
-6025.45
-5738.78
-5440.05
-5004.69
-4569.32
-4071
-3674.48
-3355.66
-3063.63
-2837.24
-2643
-2393.84
-2136.64
-2080.38
-2143.34
-2204.96
-2196.92
-2123.24
-2109.85
-2089.75
-1993.3
-1716.01
-1324.85
-901.542
-529.137
-317.483
-158.072
5.35694
212.993
316.141
384.459
514.399
795.712
1215
1580.71
1993.3
2273.27
2472.87
2722.03
3007.37
3454.79
3942.4
4360.35
4592.09
4807.77
5052.91
5260.55
5322.17
5202.94
5028.8
4922.97
4922.97
4866.71
4833.22
4724.71
4719.35
4791.69
4853.31
4837.24
4764.9
4747.49
4855.99
5040.86
5137.31
5138.64
5058.27
4992.63
4877.43
4732.75
4726.05
4744.81
4759.54
4680.51
4475.55
4235.76
4025.45
3701.27
3161.42
2572
1942.4
1407.9
993.97
616.207
226.388
-125.922
-462.158
-807.771
-1131.95
-1410.58
-1665.1
-1880.78
-2221.03
-2551.91
-2770.26
-2910.92
-3086.4
-3347.62
-3713.33
-3961.15
-4162.09
-4257.2
-4383.12
-4574.68
-4785
-4931.01
-4933.69
-4921.64
-4856
-4868.05
-4849.3
-4843.94
-4877.43
-4916.28
-5015.41
-5131.95
-5306.1
-5328.87
-5312.79
-5223.04
-5210.99
-5189.55
-5066.31
-4885.47
-4656.4
-4499.67
-4486.27
-4588.08
-4676.49
-4699.26
-4726.06
-4876.09
-5106.5
-5295.38
-5299.4
-5213.66
-4995.31
-4679.17
-4164.77
-3565.98
-2929.67
-2325.52
-1816.48
-1474.88
-1336.91
-1205.63
-894.844
-421.971
76.3549
597.453
1113.19
1627.59
2033.49
2282.65
2375.08
2297.39
2334.89
2562.62
2983.25
3448.09
3772.27
3998.66
4167.45
4263.9
4265.24
4104.49
3789.68
3528.46
3500.33
3667.78
3831.21
3951.77
3926.32
3787
3594.1
3539.18
3531.14
3529.8
3584.73
3626.25
3616.88
3503.01
3342.26
3139.98
2914.93
2555.93
2227.73
2018.75
1974.55
1995.98
1945.08
1906.23
1866.04
1726.72
1578.03
1429.34
1174.81
845.276
488.947
190.22
69.657
137.976
150.032
207.634
259.878
176.824
121.901
2.67777
-175.487
-439.385
-786.338
-1111.86
-1375.75
-1559.28
-1823.18
-2100.47
-2466.18
-2778.3
-2979.24
-3114.54
-3170.8
-3164.1
-3002.01
-2948.43
-2969.86
-3006.03
-3019.42
-3007.37
-3040.86
-3134.63
-3300.74
-3549.9
-3784.33
-3931.68
-3991.96
-4056.26
-4107.17
-4097.79
-4065.64
-3982.59
-3975.89
-3975.89
-3884.8
-3669.12
-3378.43
-3067.65
-2827.86
-2596.12
-2377.76
-2072.34
-1614.2
-1034.16
-353.652
353.649
1094.44
1845.95
2541.19
3059.61
3323.51
3429.34
3567.31
3793.7
4166.11
4555.93
4959.14
5323.51
5608.84
5839.25
5879.44
5734.76
5492.3
5243.13
5089.08
5107.83
5280.64
5344.94
5348.96
5295.38
5126.59
4850.63
4455.46
4000
3484.26
3063.63
2655.06
2388.48
2192.9
1943.74
1571.33
1146.68
705.96
399.195
204.955
100.467
22.7715
-92.4327
-249.164
-430.008
-533.156
-597.456
-653.719
-778.3
-904.221
-944.408
-847.958
-652.379
-444.743
-300.068
-214.335
-160.752
-60.2827
109.845
258.538
255.859
203.615
155.39
212.993
316.141
448.759
677.828
860.012
1086.4
1232.42
1286
1225.72
1070.33
813.126
430.005
-24.1139
-447.423
-814.469
-1168.12
-1482.92
-1799.06
-2124.58
-2363.03
-2467.52
-2435.37
-2349.63
-2218.35
-2077.7
-2010.72
-2121.9
-2310.78
-2511.72
-2679.17
-2783.66
-2839.92
-2697.92
-2454.12
-2266.58
-2131.28
-2037.51
-2012.06
-2022.77
-2036.17
-1991.96
-1808.44
-1461.49
-1123.91
-846.619
-624.248
-385.802
-143.337
200.936
572.001
798.391
993.97
1208.3
1567.31
1979.9
2271.93
2392.5
2318.82
2245.14
2219.69
2187.54
2089.75
1994.64
1927.66
1902.21
1922.3
1915.6
1760.21
1365.04
837.239
353.649
13.3945
-163.431
-204.958
-226.391
-270.597
-369.727
-566.646
-877.429
-1302.08
-1728.07
-2040.19
-2112.53
-2056.26
-2006.7
-2032.15
-2151.37
-2304.09
-2440.72
-2547.89
-2633.62
-2592.1
-2470.2
-2227.73
-2008.04
-1908.91
-1843.27
-1792.37
-1702.61
-1527.13
-1269.93
-995.313
-715.34
-454.121
-174.147
40.1861
273.274
464.834
596.114
703.28
798.391
917.614
1038.18
1277.96
1592.76
1859.34
1998.66
2079.03
2109.84
2215.67
2318.82
2314.8
2073.68
1835.23
1547.22
1327.53
1059.61
750.166
348.291
-207.637
-784.998
-1308.78
-1685.2
-1942.4
-2022.77
-1902.21
-1580.71
-1229.74
-803.752
-496.987
-344.275
-354.991
-438.046
-514.402
-547.891
-550.571
-495.648
-262.56
28.1299
225.049
273.274
208.974
53.582
-103.149
-286.672
-421.971
-499.666
-476.893
-278.635
-127.262
21.432
171.465
259.878
332.216
368.384
416.609
487.607
551.907
632.283
736.77
782.316
718.016
563.964
405.893
136.636
-178.166
-498.327
-730.075
-834.563
-893.504
-976.559
-1063.63
-1130.61
-1272.61
-1370.4
-1521.77
-1689.22
-1875.42
-1890.16
-1770.93
-1569.99
-1370.4
-1193.57
-1074.35
-1107.84
-1198.93
-1292.7
-1351.64
-1446.75
-1499
-1508.37
-1421.3
-1352.98
-1275.29
-1208.31
-1193.57
-1131.95
-1051.58
-941.729
-880.108
-841.26
-776.96
-644.342
-475.554
-385.802
-328.2
-341.595
-217.014
-1.34098
349.63
653.716
888.143
1046.21
1133.29
1182.85
1185.53
1122.57
1031.48
1086.4
1198.93
1493.64
1823.17
2152.71
2340.25
2371.06
2325.52
2321.5
2316.14
2241.12
2064.3
1908.91
1823.17
1819.15
1849.96
1774.95
1673.14
1551.24
1553.92
1647.69
1778.97
1908.91
2033.49
2203.62
2448.76
2751.51
3050.23
3273.94
3362.36
3398.52
3405.22
3448.09
3466.84
3450.77
3410.58
3292.7
3168.12
3008.71
2829.2
2496.98
2111.18
1695.91
1292.7
898.86
501.003
212.993
-4.02015
-107.168
-217.014
-357.67
-535.835
-677.831
-782.319
-965.842
-1134.63
-1332.89
-1537.84
-1726.73
-1961.15
-2200.94
-2467.52
-2699.26
-2897.52
-2996.65
-3015.41
-2971.2
-2920.3
-2826.52
-2688.55
-2523.78
-2349.63
-2285.33
-2320.16
-2383.12
-2401.88
-2293.37
-2210.32
-2105.83
-1942.4
-1788.35
-1576.69
-1421.3
-1394.51
-1507.03
-1643.67
-1716.01
-1675.82
-1626.26
-1560.62
-1520.43
-1529.81
-1539.18
-1559.28
-1572.67
-1533.83
-1521.77
-1438.72
-1255.19
-1059.61
-997.992
-1048.9
-1126.59
-1177.5
-1192.23
-1119.89
-989.954
-869.392
-756.867
-700.604
-708.642
-739.452
-736.773
-633.625
-450.102
-154.054
166.107
503.682
815.806
1073.01
1316.81
1568.65
1744.14
1931.68
2186.2
2385.8
2598.79
2752.84
2837.24
2873.41
2948.42
3020.76
3223.04
3367.71
3507.03
3673.14
3914.26
4104.49
4196.92
4212.99
4214.33
4286.67
4377.76
4490.29
4522.44
4553.25
4438.04
4296.05
4077.69
3878.1
3649.03
3397.19
3105.16
2760.88
2325.52
1799.06
1304.75
751.506
167.447
-446.083
-1044.88
-1603.48
-2065.64
-2421.97
-2722.04
-3010.05
-3271.27
-3571.33
-3852.65
-4227.73
-4566.65
-4823.85
-5004.69
-5113.2
-5272.61
-5312.79
-5344.94
-5450.77
-5560.62
-5642.33
-5600.8
-5508.37
-5299.4
-5074.35
-4743.47
-4376.42
-3979.91
-3702.61
-3457.47
-3215
-2949.77
-2709.98
-2478.23
-2151.37
-1821.84
-1524.45
-1330.21
-1239.12
-1168.12
-1125.25
-1071.67
-1019.43
-1081.05
-1157.4
-1273.95
-1358.34
-1375.75
-1361.02
-1391.83
-1461.49
-1588.75
-1733.42
-1843.27
-1890.16
-1801.74
-1616.88
-1421.3
-1268.59
-1176.16
-1137.31
-1173.48
-1294.04
-1339.59
-1281.98
-1127.93
-810.45
-375.085
117.882
509.041
857.333
1133.29
1437.37
1691.89
1967.85
2238.44
2570.66
2944.41
3312.79
3686.54
4017.41
4266.58
4430
4645.68
4849.29
5047.55
5220.36
5331.55
5395.85
5410.58
5351.64
5277.96
5178.83
5122.57
5137.31
5133.29
5059.61
4876.09
4649.7
4428.67
4246.48
4084.39
3938.38
3661.08
3350.3
3020.76
2758.2
2506.36
2225.05
1870.06
1428
997.989
559.945
105.826
-444.743
-1058.27
-1705.29
-2285.33
-2712.66
-3083.73
-3423.98
-3673.14
-3891.49
-4096.45
-4273.28
-4450.1
-4614.87
-4821.17
-4985.94
-5081.05
-5105.16
-5011.39
-4809.11
-4586.74
-4337.58
-4125.92
-3919.63
-3677.16
-3378.43
-3047.56
-2719.36
-2341.6
-1916.95
-1379.77
-810.45
-314.804
48.2236
267.916
384.459
563.964
766.241
1010.05
1172.14
1269.92
1320.83
1334.22
1393.17
1430.67
1441.39
1449.43
1531.14
1678.5
1823.17
1934.36
1986.6
2005.36
2048.22
2100.47
2146.01
2217.01
2289.35
2357.67
2385.8
2377.76
2292.03
2195.58
2060.28
1930.34
1839.25
1764.23
1685.2
1642.33
1671.8
1722.7
1773.61
1815.14
1807.1
1787
1768.25
1718.69
1717.35
1618.22
1419.96
1184.19
1023.44
972.537
1024.78
1135.97
1249.83
1334.22
1375.75
1382.45
1280.64
1161.42
1019.42
992.631
929.67
877.426
847.956
837.239
921.633
989.952
1038.18
1038.18
1064.97
1071.67
1067.65
989.952
850.635
695.243
505.022
353.649
219.69
93.7695
-120.564
-372.406
-630.946
-906.9
-1271.27
-1770.93
-2317.48
-2795.71
-3253.85
-3685.2
-4005.36
-4194.24
-4353.65
-4439.38
-4464.84
-4448.76
-4438.04
-4482.25
-4546.55
-4649.7
-4652.38
-4570.66
-4391.16
-4144.68
-3899.53
-3646.35
-3348.96
-3024.78
-2711.32
-2455.46
-2146.02
-1780.31
-1440.05
-1089.08
-722.037
-285.333
101.807
412.591
669.791
924.312
1129.27
1296.72
1453.45
1587.41
1773.61
2004.02
2135.3
2167.45
2148.69
2136.64
2180.84
2253.18
2249.16
2144.67
2033.49
1945.08
1864.7
1653.05
1423.98
1239.11
1091.76
963.16
756.864
503.682
296.047
150.032
-12.0577
-221.033
-431.348
-695.246
-906.9
-1142.67
-1430.68
-1697.26
-1883.46
-1942.4
-1975.89
-2009.38
-2103.15
-2196.92
-2286.67
-2397.86
-2498.33
-2614.87
-2585.4
-2531.82
-2442.06
-2310.78
-2128.6
-1874.08
-1638.31
-1409.24
-1196.25
-928.333
-653.719
-367.048
-83.0556
141.995
367.045
634.962
944.406
1268.59
1539.18
1819.15
2022.77
2267.92
2476.89
2585.4
2667.11
2720.69
2755.52
2695.24
2644.34
2559.94
2511.72
2470.19
2436.7
2357.67
2204.95
1975.89
1699.93
1464.16
1232.42
1034.16
813.126
638.98
522.437
436.703
321.499
250.501
206.295
109.845
-17.416
-148.695
-285.333
-359.01
-425.989
-446.083
-448.762
-337.577
-196.92
-29.4723
137.976
211.653
283.991
300.066
324.178
314.801
326.857
345.611
421.968
534.493
661.753
795.712
925.652
1012.72
961.82
909.577
861.351
786.335
657.735
495.645
332.216
144.674
9.3757
-105.829
-159.412
-258.541
-309.445
-415.273
-562.627
-776.96
-985.936
-1197.59
-1450.77
-1630.28
-1851.31
-1975.89
-2123.24
-2300.07
-2550.57
-2829.2
-3075.69
-3243.14
-3419.96
-3536.5
-3636.97
-3683.86
-3729.4
-3728.07
-3750.84
-3769.59
-3764.23
-3776.29
-3720.03
-3745.48
-3702.61
-3693.24
-3675.82
-3630.28
-3473.54
-3279.3
-3040.86
-2807.77
-2608.17
-2330.88
-2064.3
-1762.89
-1469.53
-1135.97
-791.696
-404.556
-13.3972
428.666
854.654
1260.55
1687.88
2152.71
2569.32
2984.59
3399.86
3750.84
4139.31
4498.32
4794.37
5035.5
5273.94
5525.78
5776.29
6001.34
6188.88
6329.54
6455.46
6546.55
6593.43
6585.4
6502.34
6377.76
6208.97
6013.39
5821.83
5638.31
5465.5
5239.11
4960.48
4641.66
4340.25
3970.53
3588.75
3232.42
2857.33
2546.55
2210.31
1935.7
1649.03
1414.6
1215
1062.29
913.595
743.468
626.924
400.534
150.032
-92.4327
-304.087
-432.687
-494.308
-545.212
-574.683
-628.267
-691.227
-716.679
-730.075
-784.998
-896.183
-1095.78
-1280.64
-1457.47
-1619.56
-1784.33
-1962.49
-2147.36
-2290.69
-2338.92
-2373.75
-2455.46
-2641.66
-2854.66
-3047.56
-3255.19
-3460.15
-3682.52
-3904.89
-4121.9
-4313.46
-4539.85
-4759.55
-4941.73
-5137.31
-5252.51
-5415.94
-5565.98
-5699.93
-5828.53
-5965.17
-6115.2
-6203.62
-6270.6
-6267.92
-6241.13
-6164.77
-6091.09
-5961.15
-5831.21
-5682.52
-5525.79
-5354.32
-5054.25
-4680.51
-4238.45
-3803.08
-3307.44
-2762.22
-2198.26
-1647.69
-1050.24
-480.912
73.6758
638.98
1253.85
1930.34
2572
3202.95
3765.57
4330.88
4839.92
5340.92
5762.89
6184.86
6517.08
6760.88
6924.31
7070.33
7239.11
7346.28
7422.64
7446.75
7481.58
7450.77
7348.96
7185.53
6890.82
6483.59
6095.11
5716.01
5299.4
4842.6
4405.89
3954.45
3517.75
3060.95
2578.7
2100.47
1639.65
1185.53
735.431
324.178
-61.6223
-411.254
-738.112
-1064.97
-1340.93
-1561.96
-1730.74
-1867.38
-2032.15
-2198.26
-2396.52
-2617.55
-2916.28
-3221.7
-3500.34
-3658.41
-3702.61
-3699.93
-3643.67
-3627.6
-3658.41
-3703.95
-3750.84
-3782.99
-3803.08
-3809.78
-3803.08
-3817.82
-3823.18
-3817.82
-3808.44
-3780.31
-3709.31
-3600.8
-3493.64
-3344.94
-3273.95
-3240.46
-3257.87
-3322.17
-3369.06
-3428
-3466.85
-3472.2
-3423.98
-3378.43
-3363.7
-3379.77
-3370.4
-3346.28
-3283.32
-3257.87
-3224.38
-3150.7
-3089.08
-3006.03
-2901.54
-2744.81
-2519.76
-2245.15
-2008.04
-1716.01
-1436.04
-1135.97
-817.148
-470.196
-76.3577
266.576
672.47
1055.59
1461.49
1918.28
2353.65
2790.35
3240.45
3711.99
4170.13
4638.98
5051.57
5433.35
5782.99
6069.66
6337.57
6574.68
6776.96
6941.73
7040.85
7110.51
7137.31
7119.89
7090.42
7047.55
6987.27
6904.22
6793.03
6621.56
6443.4
6187.54
5962.49
5683.86
5352.98
5002.01
4636.3
4288.01
3989.28
3638.31
3215
2789.01
2340.25
1920.96
1450.77
1003.35
538.512
109.845
-304.087
-687.208
-1027.46
-1340.93
-1611.52
-1915.61
-2156.73
-2360.35
-2547.89
-2735.43
-2929.67
-3113.2
-3298.06
-3468.19
-3682.52
-3915.61
-4111.19
-4215.67
-4246.48
-4245.14
-4158.07
-4064.3
-3957.13
-3855.33
-3800.4
-3821.84
-3807.1
-3816.48
-3764.23
-3681.18
-3594.11
-3520.43
-3428
-3269.93
-3150.7
-3016.75
-2908.24
-2823.85
-2779.64
-2768.92
-2734.09
-2661.76
-2576.02
-2490.29
-2395.18
-2336.24
-2289.35
-2253.18
-2267.92
-2257.2
-2242.47
-2146.02
-2009.38
-1860.68
-1774.95
-1765.57
-1716.01
-1726.73
-1669.12
-1657.07
-1556.6
-1406.57
-1228.4
-1050.24
-890.825
-634.964
-399.198
-144.677
87.0716
345.611
592.095
866.71
1119.89
1381.11
1678.5
1945.08
2219.69
2518.42
2758.2
2988.61
3180.17
3358.34
3560.61
3733.42
3879.44
3991.96
4121.9
4237.1
4285.33
4328.2
4354.99
4403.21
4430
4446.08
4446.08
4364.37
4306.76
4182.18
4017.41
3833.89
3645.01
3433.35
3201.61
2953.78
2691.22
2456.8
2225.05
1985.26
1729.4
1413.26
1034.16
695.243
334.895
-9.37849
-359.01
-655.058
-967.181
-1219.02
-1441.39
-1670.46
-1858.01
-2068.32
-2246.48
-2409.91
-2561.29
-2724.72
-2849.3
-3008.71
-3204.29
-3373.08
-3472.2
-3568.65
-3604.82
-3627.6
-3587.41
-3509.71
-3405.23
-3288.68
-3184.19
-3040.86
-2947.09
-2817.15
-2657.74
-2471.53
-2278.63
-2107.17
-1858.01
-1639.65
-1340.93
-1094.44
-892.165
-668.454
-505.025
-325.52
-199.599
-84.3952
64.2987
227.728
403.214
574.68
664.433
732.751
756.864
774.278
767.581
711.318
668.451
663.093
640.32
610.849
535.832
466.174
369.724
218.351
46.8841
-104.489
-184.864
-266.579
-345.614
-404.556
-464.837
-496.987
-518.421
-538.514
-580.042
-643.002
-756.867
-870.731
-976.559
-1081.05
-1148.03
-1210.99
-1209.65
-1177.5
-1144.01
-1066.31
-971.2
-869.392
-835.902
-806.431
-736.773
-625.587
-438.046
-223.712
-38.8493
36.1674
57.6007
72.3362
116.542
298.726
633.622
977.895
1247.15
1336.9
1201.61
989.952
827.862
780.976
830.541
931.01
985.933
984.593
869.389
718.016
592.095
455.457
320.159
159.409
41.5257
-72.339
-212.995
-369.727
-514.402
-637.644
-709.981
-774.281
-833.223
-868.052
-890.825
-928.333
-961.823
-987.275
-975.219
-933.692
-861.354
-734.094
-636.304
-543.873
-439.385
-298.729
-105.829
83.0528
304.084
507.701
747.487
997.989
1252.51
1517.75
1707.97
1884.79
2050.9
2214.33
2334.89
2491.63
2582.72
2692.56
2825.18
2960.48
3103.82
3169.46
3208.3
3209.64
3208.3
3178.83
3146.68
3106.5
3014.06
2940.39
2850.63
2739.45
2614.87
2450.1
2251.84
2066.98
1902.21
1729.4
1553.92
1351.64
1146.68
984.593
805.089
608.17
375.082
179.503
8.03611
-100.47
-190.222
-296.05
-459.479
-664.435
-845.279
-1010.05
-1148.03
-1335.57
-1478.9
-1640.99
-1717.35
-1750.84
-1762.89
-1787.01
-1856.67
-1882.12
-1878.1
-1833.89
-1772.27
-1682.52
-1645.01
-1568.65
-1519.09
-1469.53
-1407.9
-1347.62
-1265.91
-1169.46
-1094.44
-1019.43
-940.39
-857.336
-766.244
-659.077
-602.814
-576.023
-616.21
-693.906
-715.34
-714
-640.323
-597.456
-576.023
-545.212
-479.573
-421.971
-397.858
-381.783
-404.556
-397.858
-377.764
-372.406
-349.633
-321.502
-251.843
-214.335
-164.77
-141.997
-107.168
-53.5848
-4.02015
12.0549
53.582
123.24
200.936
235.765
266.576
304.084
367.045
454.118
545.21
622.905
708.639
862.691
999.329
1105.16
1168.12
1236.44
1299.4
1386.47
1437.37
1436.03
1434.69
1490.96
1568.65
1616.88
1654.39
1703.95
1740.12
1745.48
1658.4
1556.6
1480.24
1442.73
1429.34
1393.17
1346.28
1228.4
1118.55
973.877
759.543
566.643
415.27
283.991
160.749
6.69653
-137.979
-302.748
-460.818
-574.683
-699.265
-814.469
-952.446
-1051.58
-1102.48
-1158.74
-1232.42
-1348.96
-1415.94
-1460.15
-1543.2
-1632.95
-1699.93
-1766.91
-1772.27
-1784.33
-1809.78
-1784.33
-1754.86
-1760.22
-1769.59
-1804.42
-1852.65
-1852.65
-1813.8
-1781.65
-1762.89
-1752.18
-1721.37
-1714.67
-1693.24
-1714.67
-1725.39
-1669.12
-1657.07
-1588.75
-1536.5
-1429.34
-1280.64
-1135.97
-1030.14
-968.521
-889.486
-826.525
-758.206
-657.737
-537.175
-435.366
-342.935
-263.9
-180.845
-105.829
-6.69932
105.826
164.768
192.899
231.747
235.765
231.747
184.861
148.692
147.353
151.372
152.711
124.58
85.732
25.4507
-9.37849
-80.3765
-112.526
-164.77
-188.883
-203.618
-186.204
-164.77
-143.337
-84.3952
-14.7368
40.1861
54.9216
99.1279
146.013
233.086
297.386
389.818
458.137
511.72
586.737
667.112
732.751
779.637
810.447
854.654
874.747
906.897
968.518
1043.53
1130.61
1126.59
1129.27
1135.97
1152.04
1157.4
1130.61
1129.27
1107.84
1106.5
1133.29
1082.38
1036.84
989.952
989.952
960.481
906.897
843.937
794.372
759.543
715.337
640.32
542.53
456.797
373.743
285.33
223.709
133.957
44.2049
-33.491
-135.299
-262.56
-401.877
-542.533
-696.585
-846.619
-999.331
-1127.93
-1241.8
-1335.57
-1425.32
-1539.18
-1645.01
-1720.03
-1769.59
-1819.16
-1862.02
-1891.49
-1882.12
-1859.34
-1833.89
-1764.23
-1681.18
-1578.03
-1481.58
-1362.36
-1210.99
-1020.76
-825.185
-609.512
-430.008
-258.541
-70.9994
70.9966
212.993
328.197
454.118
570.662
713.997
843.937
972.537
1117.21
1233.76
1294.04
1324.85
1352.98
1357
1336.9
1287.34
1261.89
1253.85
1236.44
1210.98
1119.89
1063.63
983.254
880.106
774.278
626.924
484.928
350.97
242.463
152.711
64.2987
-37.5098
-95.1119
-137.979
-180.845
-192.902
-218.354
-230.41
-229.07
-225.052
-202.279
-178.166
-137.979
-83.0556
-40.1889
36.1674
119.222
234.426
330.876
431.345
501.003
585.397
688.545
763.562
827.862
855.993
932.349
1008.71
1115.87
1189.55
1261.89
1315.47
1366.37
1437.37
1480.24
1478.9
1469.52
1496.31
1505.69
1541.86
1527.12
1531.14
1507.03
1488.28
1458.81
1385.13
1342.26
1275.28
1180.17
1051.57
909.577
809.108
709.978
597.453
454.118
246.482
37.507
-159.412
-298.729
-463.498
-578.702
-677.831
-719.358
-738.112
-809.11
-842.6
-893.504
-939.05
-957.804
-977.898
-941.729
-878.769
-787.677
-708.642
-656.398
-616.21
-562.627
-498.327
-454.121
-417.952
-356.331
-237.108
-108.508
14.734
128.599
245.143
313.461
372.403
357.668
384.459
417.949
454.118
503.682
530.474
551.907
541.191
506.362
470.193
401.874
320.159
217.011
75.0153
-70.9994
-211.656
-334.898
-505.025
-699.265
-917.617
-1130.61
-1306.1
-1445.41
-1576.69
-1697.26
-1820.5
-1902.21
-1939.72
-1977.23
-1998.66
-2025.45
-2044.21
-2049.57
-2041.53
-2012.06
-1974.55
-1918.29
-1841.93
-1726.73
-1610.18
-1488.28
-1371.74
-1224.38
-1111.86
-1014.07
-920.296
-838.581
-740.792
-612.192
-452.781
-325.52
-204.958
-76.3577
33.4882
155.39
254.52
342.932
430.005
554.587
697.922
822.504
902.879
975.216
1028.8
1067.65
1130.61
1178.83
1249.83
1315.47
1359.68
1348.96
1367.71
1357
1342.26
1307.43
1272.6
1249.83
1229.74
1245.81
1212.32
1154.72
1094.44
1016.74
906.897
801.07
692.564
589.416
510.38
455.457
405.893
363.026
333.555
329.536
302.745
257.199
211.653
174.145
139.315
81.7133
77.6945
72.3362
72.3362
61.6195
28.1299
22.7715
34.8278
28.1299
13.3945
-8.0389
-46.8869
-57.6035
-33.491
-32.1514
-64.3015
-70.9994
-54.9244
-33.491
-40.1889
-68.3202
-108.508
-143.337
-202.279
-314.804
-388.481
-482.252
-550.571
-644.342
-758.206
-884.127
-992.634
-1101.14
-1260.55
-1407.9
-1572.67
-1703.95
-1864.7
-2004.02
-2178.17
-2336.24
-2479.57
-2569.32
-2641.66
-2692.57
-2754.19
-2833.22
-2901.54
-2959.14
-2993.97
-3011.39
-2992.63
-3014.07
-3044.88
-3040.86
-3004.69
-2918.96
-2850.64
-2771.6
-2660.42
-2566.65
-2438.05
-2274.62
-2097.79
-1912.93
-1732.08
-1555.26
-1379.77
-1220.36
-1043.54
-851.977
-660.417
-411.254
-159.412
107.165
365.705
612.189
821.164
1040.86
1261.89
1472.2
1677.16
1888.81
2107.17
2353.65
2590.76
2779.64
2953.78
3113.19
3260.55
3367.71
3464.16
3507.03
3551.24
3559.27
3590.09
3596.78
3569.99
3527.12
3481.58
3437.37
3369.05
3291.36
3208.3
3152.04
3105.16
3056.93
2983.25
2902.88
2809.11
2728.73
2661.75
2563.96
2483.59
2403.21
2317.48
2241.12
2159.41
2099.13
2041.53
1966.51
1895.51
1793.7
1673.14
1552.58
1445.41
1351.64
1256.53
1173.47
1086.4
996.65
904.218
783.656
681.847
569.322
446.08
313.461
191.559
54.9216
-84.3952
-207.637
-387.141
-542.533
-704.623
-864.033
-1030.14
-1249.83
-1444.07
-1631.62
-1820.5
-2044.21
-2250.5
-2451.44
-2659.08
-2874.75
-3119.89
-3306.1
-3489.62
-3630.28
-3760.22
-3875.42
-3989.28
-4097.79
-4180.84
-4254.52
-4340.26
-4423.31
-4474.21
-4454.12
-4401.88
-4310.78
-4217.01
-4103.15
-3978.57
-3847.29
-3689.22
-3529.81
-3339.59
-3148.03
-2931.01
-2707.3
-2472.87
-2225.05
-1962.49
-1689.22
-1446.75
-1205.63
-956.465
-680.51
-377.764
-85.7348
195.578
491.626
762.222
1031.48
1330.21
1598.12
1890.15
2166.11
2438.04
2692.56
2933.69
3190.89
3390.49
3584.73
3742.8
3902.21
4012.05
4079.03
4119.22
4146.01
4140.65
4117.88
4065.64
4014.73
3950.43
3876.76
3805.76
3709.31
3611.52
3488.28
3359.68
3219.02
3079.7
2939.05
2764.9
2605.49
2419.29
2214.33
2025.45
1835.23
1687.88
1513.73
1330.21
1185.53
1036.84
924.312
789.014
630.943
472.872
304.084
174.145
17.4132
-124.583
-271.937
-387.141
-492.969
-574.683
-655.058
-752.848
-814.469
-917.617
-991.294
-1085.06
-1193.57
-1298.06
-1434.7
-1564.64
-1693.24
-1799.06
-1906.23
-2036.17
-2163.43
-2316.14
-2456.8
-2598.8
-2748.83
-2869.39
-2981.92
-3090.42
-3188.21
-3269.93
-3326.19
-3369.06
-3413.26
-3460.15
-3508.37
-3540.52
-3548.56
-3532.49
-3523.11
-3473.54
-3405.23
-3291.36
-3164.1
-3000.67
-2797.05
-2572
-2346.95
-2171.47
-1983.93
-1795.04
-1572.67
-1355.66
-1087.74
-831.883
-549.231
-290.691
-32.1514
221.03
456.797
703.28
932.349
1177.49
1436.03
1699.93
1975.89
2246.48
2514.4
2764.9
2975.22
3160.08
3327.53
3458.81
3610.18
3753.51
3860.68
3954.45
4034.83
4107.16
4170.13
4194.24
4190.22
4162.09
4107.16
4044.2
3946.41
3853.98
3752.17
3635.63
3468.18
3303.41
3130.61
2952.44
2756.86
2549.23
2348.29
2144.67
1926.32
1741.46
1521.77
1295.38
1066.31
814.466
586.737
317.48
100.467
-141.997
-342.935
-525.119
-701.944
-850.638
-1008.71
-1158.74
-1323.51
-1482.92
-1650.37
-1797.72
-1930.34
-2030.81
-2100.47
-2156.73
-2241.13
-2332.22
-2430.01
-2515.74
-2620.23
-2712.66
-2787.68
-2834.56
-2877.43
-2905.56
-2913.6
-2951.11
-2979.24
-3000.67
-3027.46
-3051.57
-3063.63
-3074.35
-3077.03
-3085.06
-3121.23
-3130.61
-3117.21
-3109.18
-3067.65
-3040.86
-2960.48
-2894.84
-2818.49
-2748.83
-2672.47
-2573.34
-2462.16
-2359.01
-2265.24
-2147.36
-2018.76
-1829.87
-1667.78
-1433.36
-1209.65
-968.521
-718.019
-468.856
-204.958
34.8278
305.424
553.247
801.07
1059.61
1316.81
1608.84
1900.87
2137.98
2389.82
2622.91
2866.71
3089.08
3281.98
3453.45
3592.76
3744.14
3907.57
4037.51
4120.56
4176.82
4227.73
4249.16
4245.14
4215.67
4180.84
4121.9
4068.32
3945.08
3819.15
3685.2
3509.71
3350.3
3134.63
2931.01
2720.69
2510.38
2300.07
2076.35
1849.96
1592.76
1342.26
1090.42
854.654
621.566
391.157
166.107
-65.641
-270.597
-488.95
-684.529
-886.806
-1078.37
-1280.64
-1468.19
-1634.29
-1766.91
-1858.01
-1918.29
-1962.49
-2044.21
-2103.15
-2143.34
-2174.15
-2182.18
-2217.01
-2222.37
-2241.13
-2217.01
-2206.3
-2200.94
-2162.09
-2136.64
-2121.9
-2129.94
-2144.68
-2147.36
-2143.34
-2139.32
-2127.26
-2128.6
-2100.47
-2071
-2045.55
-2024.11
-1974.55
-1919.63
-1849.97
-1801.74
-1769.59
-1729.41
-1671.8
-1619.56
-1556.6
-1477.56
-1391.83
-1299.4
-1223.04
-1133.29
-1056.93
-992.634
-905.561
-817.148
-716.679
-604.154
-501.006
-397.858
-282.654
-166.11
-68.3202
37.507
131.278
242.463
359.007
479.57
588.076
687.205
784.995
884.124
988.612
1087.74
1198.93
1304.75
1417.28
1496.31
1584.73
1677.16
1745.48
1812.46
1835.23
1872.74
1902.21
1942.4
1946.41
1929
1907.57
1860.68
1817.81
1734.76
1643.67
1552.58
1461.49
1326.19
1186.87
1034.16
918.954
790.353
637.641
483.589
329.536
200.936
56.2612
-89.7536
-267.918
-408.575
-534.496
-629.606
-714
-806.431
-876.09
-917.617
-955.125
-1010.05
-1027.46
-1015.41
-989.954
-984.596
-967.181
-943.069
-893.504
-846.619
-795.715
-730.075
-671.133
-582.721
-518.421
-444.743
-381.783
-288.012
-188.883
-96.4515
-10.7181
42.8653
112.524
164.768
204.955
242.463
277.293
318.82
357.668
395.176
384.459
344.272
310.782
262.557
243.803
219.69
203.615
200.936
235.765
250.501
255.859
267.916
275.953
278.632
259.878
261.218
247.822
254.52
254.52
257.199
279.972
271.934
285.33
277.293
289.349
324.178
356.328
361.686
368.384
383.12
383.12
392.497
408.572
405.893
424.647
432.684
464.834
519.757
547.889
582.718
606.83
596.114
602.812
634.962
637.641
661.753
680.508
715.337
735.431
782.316
787.674
787.674
774.278
754.185
747.487
718.016
688.545
648.358
608.17
576.02
509.041
430.005
356.328
251.84
163.428
54.9216
-30.8118
-124.583
-231.75
-364.368
-486.271
-604.154
-723.377
-791.696
-888.146
-939.05
-1016.75
-1091.76
-1161.42
-1237.78
-1303.42
-1354.32
-1410.58
-1460.15
-1489.62
-1528.47
-1537.84
-1532.49
-1486.94
-1456.13
-1383.79
-1344.94
-1288.68
-1241.8
-1169.46
-1095.78
-1036.84
-971.2
-906.9
-810.45
-732.754
-638.983
-551.91
-463.498
-364.368
-271.937
-176.827
-83.0556
-4.02015
65.6382
125.92
180.843
241.124
279.972
329.536
360.347
385.799
393.836
391.157
391.157
393.836
401.874
424.647
436.703
483.589
518.418
563.964
589.416
620.226
625.585
634.962
652.376
656.395
681.847
681.847
685.866
681.847
667.112
644.339
622.905
601.472
559.945
537.172
491.626
460.816
430.005
407.232
393.836
376.422
367.045
333.555
318.82
296.047
281.311
255.859
238.445
210.313
170.126
143.334
119.222
84.3924
65.6382
34.8278
-10.7181
-26.7931
-68.3202
-93.7723
-139.318
-174.147
-215.675
-250.504
-271.937
-324.181
-377.764
-420.631
-467.516
-522.439
-550.571
-592.098
-608.173
-652.379
-688.548
-736.773
-786.338
-814.469
-838.581
-851.977
-877.429
-888.146
-869.392
-873.411
-839.921
-837.242
-821.167
-774.281
-736.773
-700.604
-652.379
-598.796
-546.552
-488.95
-411.254
-324.181
-241.127
-128.602
-21.4347
96.4487
188.88
292.028
381.78
468.853
550.568
640.32
705.96
768.92
826.522
889.483
935.029
985.933
1010.05
1024.78
1079.7
1078.36
1098.46
1074.35
1066.31
1030.14
993.97
937.708
866.71
768.92
691.224
597.453
474.212
376.422
257.199
167.447
46.8841
-53.5848
-159.412
-270.597
-363.029
-451.441
-557.269
-675.152
-767.583
-864.033
-948.427
-1027.46
-1130.61
-1247.15
-1355.66
-1458.81
-1548.56
-1639.65
-1724.05
-1793.71
-1845.95
-1919.63
-1978.57
-2041.53
-2072.34
-2079.04
-2083.06
-2089.75
-2099.13
-2095.11
-2065.64
-2026.79
-1987.94
-1937.04
-1876.76
-1803.08
-1732.08
-1671.8
-1598.13
-1499
-1387.81
-1257.87
-1153.38
-1003.35
-860.015
-723.377
-618.889
-487.61
-377.764
-263.9
-144.677
-30.8118
97.7883
225.049
360.347
486.268
612.189
728.733
842.597
925.652
1034.16
1086.4
1152.04
1223.04
1310.11
1397.19
1478.9
1561.95
1645.01
1748.16
1821.83
1916.94
1987.94
2064.3
2135.3
2175.48
2222.37
2265.24
2317.48
2365.7
2424.65
2483.59
2551.91
2586.74
2643
2675.15
2700.6
2700.6
2683.19
2676.49
2668.45
2671.13
2644.34
2629.6
2596.11
2557.27
2519.76
2472.87
2405.89
2309.44
2237.1
2141.99
2053.58
1953.11
1835.23
1699.93
1548.56
1397.19
1232.42
1055.59
862.691
687.205
494.305
301.405
120.561
-77.6973
-263.9
-472.875
-659.077
-845.279
-1015.41
-1178.84
-1334.23
-1500.34
-1678.5
-1829.87
-1955.79
-2065.64
-2184.86
-2292.03
-2388.48
-2468.86
-2543.87
-2605.49
-2687.21
-2732.75
-2767.58
-2783.66
-2783.66
-2774.28
-2782.32
-2748.83
-2711.32
-2677.83
-2636.3
-2572
-2482.25
-2396.52
-2296.05
-2204.96
-2095.11
-1947.76
-1804.42
-1659.75
-1535.17
-1389.15
-1248.49
-1097.12
-948.427
-818.488
-664.435
-510.383
-328.2
-174.147
-29.4723
117.882
259.878
413.93
535.832
669.791
798.391
918.954
1003.35
1111.85
1186.87
1265.91
1346.28
1432.01
1509.71
1567.31
1626.25
1671.8
1716.01
1740.12
1776.29
1773.61
1800.4
1805.76
1813.8
1827.19
1856.66
1867.38
1864.7
1864.7
1817.81
1801.74
1754.85
1725.38
1697.25
1638.31
1603.48
1543.2
1500.33
1457.47
1406.56
1334.22
1277.96
1220.36
1156.06
1097.12
1019.42
960.481
864.031
794.372
689.885
582.718
483.589
388.478
292.028
180.843
65.6382
-56.2639
-162.091
-273.277
-391.16
-511.723
-633.625
-754.187
-866.713
-1000.67
-1117.21
-1241.8
-1362.36
-1474.88
-1587.41
-1687.88
-1797.72
-1883.46
-1985.27
-2088.41
-2155.39
-2219.69
-2275.96
-2332.22
-2369.73
-2387.14
-2392.5
-2415.27
-2407.23
-2404.56
-2369.73
-2350.97
-2322.84
-2278.63
-2229.07
-2151.37
-2097.79
-2036.17
-1979.91
-1882.12
-1787.01
-1690.56
-1595.45
-1492.3
-1374.42
-1253.85
-1144.01
-1050.24
-931.013
-811.79
-705.962
-594.777
-483.591
-384.462
-259.881
-166.11
-77.6973
9.3757
108.505
227.728
320.159
412.591
506.362
593.435
687.205
759.543
841.258
894.841
967.179
1034.16
1074.35
1114.53
1160.08
1208.3
1247.15
1298.06
1312.79
1331.55
1354.32
1359.68
1374.41
1399.86
1410.58
1405.22
1423.98
1409.24
1393.17
1369.05
1347.62
1328.87
1314.13
1277.96
1233.76
1186.87
1150.7
1118.55
1064.97
1020.76
969.858
914.935
870.729
822.504
755.524
692.564
621.566
562.624
484.928
393.836
333.555
269.255
192.899
109.845
28.1299
-50.9056
-116.545
-184.864
-254.522
-316.143
-384.462
-440.725
-518.421
-582.721
-651.039
-728.735
-791.696
-847.958
-910.919
-963.163
-1018.09
-1050.24
-1107.84
-1153.38
-1196.25
-1237.78
-1269.93
-1308.78
-1344.94
-1367.72
-1374.42
-1365.04
-1363.7
-1352.98
-1351.64
-1308.78
-1263.23
-1225.72
-1165.44
-1109.18
-1026.12
-968.521
-890.825
-822.506
-738.112
-659.077
-554.589
-470.196
-376.425
-271.937
-190.222
-100.47
-38.8493
49.5632
131.278
218.351
305.424
391.157
487.607
584.057
681.847
771.599
862.691
944.406
1038.18
1122.57
1200.27
1275.28
1327.53
1407.9
1465.5
1523.11
1578.03
1628.93
1677.16
1717.35
1760.21
1765.57
1789.68
1785.66
1793.7
1793.7
1758.87
1741.46
1703.95
1662.42
1623.58
1544.54
1484.26
1403.88
1324.85
1237.77
1145.34
1063.63
979.235
913.595
843.937
787.674
722.035
645.678
566.643
495.645
424.647
352.309
292.028
237.105
186.201
117.882
53.582
-5.35973
-64.3015
-135.299
-183.524
-239.787
-281.314
-334.898
-387.141
-417.952
-444.743
-468.856
-498.327
-526.458
-541.194
-558.608
-577.362
-597.456
-606.833
-633.625
-630.946
-640.323
-660.417
-667.114
-699.265
-701.944
-740.792
-747.49
-762.225
-776.96
-793.035
-809.11
-830.544
-835.902
-826.525
-829.204
-818.488
-826.525
-821.167
-821.167
-787.677
-764.904
-716.679
-680.51
-643.002
-580.042
-562.627
-507.704
-498.327
-456.8
-431.348
-380.443
-348.293
-298.729
-258.541
-214.335
-175.487
-132.62
-83.0556
-37.5098
20.0924
60.2799
116.542
160.749
219.69
253.18
285.33
302.745
337.574
356.328
376.422
384.459
385.799
397.855
403.214
405.893
393.836
383.12
376.422
348.291
328.197
283.991
249.161
198.257
147.353
109.845
62.9591
14.734
-60.2827
-124.583
-208.977
-288.012
-383.123
-474.214
-561.287
-661.756
-751.508
-854.656
-939.05
-1020.76
-1099.8
-1157.4
-1229.74
-1279.3
-1335.57
-1382.45
-1434.7
-1473.54
-1512.39
-1524.45
-1535.17
-1540.52
-1520.43
-1519.09
-1480.24
-1461.49
-1423.98
-1385.13
-1331.55
-1299.4
-1249.83
-1205.63
-1160.08
-1098.46
-1038.18
-968.521
-886.806
-786.338
-689.887
-602.814
-518.421
-411.254
-321.502
-207.637
-111.187
-5.35973
105.826
214.332
314.801
389.818
490.287
566.643
659.074
731.412
801.07
874.747
957.802
1039.52
1082.38
1156.06
1212.32
1283.32
1348.96
1393.17
1437.37
1470.86
1509.71
1545.88
1576.69
1608.84
1639.65
1647.69
1662.42
1654.39
1638.31
1607.5
1588.75
1567.31
1540.52
1521.77
1469.52
1422.64
1371.73
1322.17
1265.91
1194.91
1142.66
1073.01
992.631
902.879
806.428
728.733
653.716
558.605
468.853
369.724
282.651
194.238
104.486
2.67777
-95.1119
-170.129
-254.522
-338.916
-427.329
-521.1
-594.777
-675.152
-746.15
-803.752
-874.75
-937.711
-1006.03
-1066.31
-1142.67
-1196.25
-1251.17
-1290.02
-1340.93
-1389.15
-1426.66
-1466.85
-1499
-1527.13
-1553.92
-1561.96
-1563.3
-1551.24
-1547.22
-1553.92
-1540.52
-1515.07
-1486.94
-1470.87
-1442.73
-1411.92
-1367.72
-1320.83
-1264.57
-1212.33
-1158.74
-1083.73
-1030.14
-952.446
-909.579
-839.921
-759.546
-677.831
-576.023
-498.327
-399.198
-294.71
-187.543
-81.7161
16.0736
107.165
208.974
314.801
423.307
519.757
614.868
719.356
805.089
897.52
989.952
1060.95
1141.32
1213.66
1281.98
1334.22
1379.77
1409.24
1446.75
1478.9
1520.43
1544.54
1565.97
1591.43
1596.78
1608.84
1598.12
1596.78
1592.76
1590.09
1574.01
1560.61
1527.12
1500.33
1480.24
1433.35
1394.51
1358.34
1331.55
1284.66
1227.06
1170.8
1109.17
1055.59
991.291
924.312
854.654
787.674
732.751
668.451
609.51
539.851
484.928
407.232
341.593
279.972
211.653
151.372
101.807
48.2236
-12.0577
-69.6598
-128.602
-168.789
-223.712
-257.202
-309.445
-353.652
-399.198
-423.31
-455.46
-478.233
-496.987
-533.156
-569.325
-621.569
-651.039
-692.567
-724.717
-770.263
-807.771
-845.279
-880.108
-913.598
-960.484
-993.973
-1030.14
-1062.29
-1087.74
-1126.59
-1162.76
-1181.51
-1223.04
-1247.15
-1283.32
-1314.13
-1327.53
-1355.66
-1373.08
-1402.55
-1417.28
-1421.3
-1417.28
-1410.58
-1406.57
-1386.47
-1362.36
-1327.53
-1296.72
-1268.59
-1231.08
-1181.51
-1122.57
-1071.67
-1022.1
-952.446
-866.713
-775.621
-703.283
-620.229
-537.175
-442.064
-356.331
-270.597
-178.166
-93.7723
-8.0389
73.6758
147.353
218.351
305.424
375.082
432.684
499.664
557.266
613.528
668.451
707.299
758.203
790.353
834.56
881.445
922.972
940.387
971.197
995.31
1023.44
1048.89
1055.59
1070.33
1051.57
1043.53
1019.42
996.65
979.235
956.462
931.01
885.464
862.691
827.862
780.976
731.412
679.168
617.547
553.247
496.984
443.401
387.139
342.932
282.651
243.803
178.163
132.617
80.3737
17.4132
-26.7931
-69.6598
-109.847
-147.356
-187.543
-219.693
-263.9
-296.05
-329.539
-359.01
-356.331
-361.689
-353.652
-350.973
-342.935
-336.237
-325.52
-328.2
-325.52
-318.823
-317.483
-294.71
-297.389
-274.616
-271.937
-247.825
-241.127
-229.07
-221.033
-214.335
-199.599
-202.279
-204.958
-215.675
-215.675
-212.995
-212.995
-212.995
-203.618
-203.618
-186.204
-191.562
-182.185
-180.845
-176.827
-152.714
-146.016
-121.904
-116.545
-87.0744
-62.9619
-16.0764
18.7528
45.5445
93.7695
112.524
160.749
199.597
235.765
265.236
306.763
341.593
369.724
395.176
415.27
431.345
452.778
467.514
490.287
510.38
517.078
534.493
535.832
537.172
529.134
527.795
509.041
483.589
463.495
447.42
428.666
415.27
400.534
396.516
383.12
367.045
349.63
336.234
324.178
298.726
279.972
265.236
251.84
225.049
210.313
187.54
162.088
154.051
139.315
123.24
101.807
72.3362
38.8466
9.3757
-13.3972
-38.8493
-53.5848
-72.339
-92.4327
-107.168
-123.243
-137.979
-160.752
-166.11
-172.808
-172.808
-168.789
-176.827
-162.091
-160.752
-140.658
-132.62
-115.206
-99.1307
-87.0744
-68.3202
-41.5285
-18.7556
6.69653
36.1674
62.9591
112.524
143.334
175.484
206.295
227.728
251.84
262.557
277.293
302.745
326.857
345.611
350.97
368.384
371.064
376.422
367.045
363.026
346.951
334.895
330.876
310.782
281.311
242.463
218.351
191.559
160.749
113.863
68.3174
22.7715
-24.1139
-77.6973
-137.979
-195.581
-242.466
-294.71
-342.935
-387.141
-431.348
-482.252
-510.383
-555.929
-594.777
-622.908
-651.039
-671.133
-695.246
-723.377
-728.735
-747.49
-755.527
-768.923
-778.3
-783.658
-803.752
-799.733
-806.431
-795.715
-790.356
-784.998
-791.696
-778.3
-770.263
-751.508
-738.112
-724.717
-701.944
-687.208
-664.435
-653.719
-634.964
-617.55
-596.117
-561.287
-539.854
-509.044
-496.987
-472.875
-451.441
-436.706
-434.027
-419.291
-397.858
-381.783
-361.689
-333.558
-318.823
-286.672
-251.843
-230.41
-194.241
-180.845
-146.016
-115.206
-80.3765
-56.2639
-20.0952
12.0549
44.2049
85.732
113.863
155.39
191.559
226.388
275.953
312.122
346.951
389.818
413.93
455.457
488.947
522.437
562.624
580.039
628.264
659.074
697.922
716.676
735.431
763.562
760.883
767.581
758.203
755.524
747.487
731.412
718.016
693.903
672.47
647.018
617.547
574.68
526.455
484.928
432.684
389.818
325.518
254.52
187.54
120.561
49.5632
-29.4723
-111.187
-182.185
-254.522
-326.86
-396.518
-464.837
-530.477
-592.098
-659.077
-731.415
-787.677
-833.223
-874.75
-924.315
-973.879
-1019.43
-1055.59
-1094.44
-1114.54
-1148.03
-1165.44
-1185.53
-1192.23
-1188.21
-1194.91
-1181.51
-1166.78
-1152.04
-1129.27
-1113.2
-1083.73
-1042.2
-1004.69
-949.767
-900.202
-841.26
-799.733
-747.49
-693.906
-634.964
-578.702
-511.723
-450.102
-377.764
-305.427
-237.108
-160.752
-88.414
-8.0389
54.9216
136.636
198.257
267.916
330.876
385.799
447.42
495.645
545.21
601.472
659.074
713.997
760.883
791.693
826.522
872.068
902.879
921.633
932.349
955.122
981.914
999.329
1011.38
1023.44
1044.87
1063.63
1087.74
1086.4
1098.46
1109.17
1133.29
1141.32
1153.38
1174.81
1181.51
1206.96
1205.62
1210.98
1208.3
1224.38
1236.44
1229.74
1228.4
1216.34
1217.68
1208.3
1206.96
1173.47
1154.72
1118.55
1087.74
1048.89
996.65
953.783
910.916
874.747
831.881
793.033
727.393
672.47
617.547
558.605
484.928
404.553
344.272
281.311
211.653
147.353
81.7133
22.7715
-41.5285
-103.149
-163.431
-226.391
-273.277
-321.502
-369.727
-408.575
-439.385
-463.498
-494.308
-518.421
-549.231
-562.627
-577.362
-586.739
-596.117
-602.814
-601.475
-604.154
-592.098
-588.079
-576.023
-561.287
-539.854
-523.779
-513.062
-494.308
-483.591
-458.139
-448.762
-439.385
-420.631
-411.254
-391.16
-377.764
-360.35
-353.652
-326.86
-326.86
-316.143
-314.804
-314.804
-313.464
-297.389
-300.068
-285.333
-281.314
-266.579
-253.183
-246.485
-245.145
-255.862
-245.145
-250.504
-237.108
-246.485
-243.806
-239.787
-235.768
-238.447
-230.41
-245.145
-241.127
-238.447
-235.768
-233.089
-227.731
-214.335
-211.656
-194.241
-190.222
-176.827
-164.77
-146.016
-124.583
-113.866
-109.847
-95.1119
-79.0369
-83.0556
-69.6598
-53.5848
-28.1327
-17.416
12.0549
33.4882
60.2799
84.3924
109.845
125.92
143.334
167.447
186.201
202.276
218.351
235.765
247.822
257.199
279.972
288.009
304.084
306.763
309.443
313.461
309.443
302.745
292.028
289.349
266.576
255.859
223.709
206.295
186.201
158.07
135.297
97.7883
72.3362
42.8653
10.7153
-16.0764
-58.9431
-88.414
-108.508
-143.337
-174.147
-206.297
-235.768
-259.881
-294.71
-326.86
-350.973
-380.443
-408.575
-446.083
-484.931
-517.081
-547.891
-573.344
-616.21
-648.36
-676.492
-709.981
-732.754
-778.3
-789.017
-811.79
-825.185
-833.223
-849.298
-853.317
-870.731
-864.033
-874.75
-869.392
-870.731
-872.071
-876.09
-877.429
-874.75
-881.448
-885.467
-884.127
-872.071
-865.373
-851.977
-826.525
-814.469
-797.054
-771.602
-758.206
-726.056
-707.302
-677.831
-640.323
-606.833
-570.664
-539.854
-499.666
-463.498
-427.329
-381.783
-337.577
-286.672
-235.768
-192.902
-151.374
-109.847
-77.6973
-32.1514
-6.69932
37.507
50.9028
87.0716
117.882
143.334
164.768
188.88
217.011
227.728
254.52
254.52
279.972
277.293
297.386
301.405
318.82
341.593
344.272
340.253
341.593
345.611
348.291
341.593
340.253
346.951
342.932
321.499
301.405
283.991
257.199
242.463
206.295
195.578
175.484
160.749
143.334
113.863
101.807
69.657
56.2612
33.4882
17.4132
-0.0013954
-8.0389
-22.7743
-16.0764
-21.4347
-34.8306
-24.1139
-29.4723
-6.69932
4.01736
20.0924
36.1674
60.2799
76.3549
99.1279
108.505
131.278
152.711
182.182
196.918
226.388
247.822
271.934
306.763
326.857
363.026
380.441
421.968
448.759
487.607
509.041
538.512
576.02
610.849
647.018
688.545
736.77
767.581
813.126
843.937
878.766
917.614
943.066
971.197
999.329
1028.8
1044.87
1058.27
1071.67
1078.36
1094.44
1086.4
1091.76
1094.44
1098.46
1091.76
1081.04
1056.93
1027.46
996.65
963.16
944.406
904.218
877.426
838.579
802.41
759.543
707.299
655.055
614.868
553.247
498.324
432.684
381.78
325.518
267.916
215.672
154.051
105.826
50.9028
-2.68056
-65.641
-121.904
-176.827
-235.768
-285.333
-336.237
-381.783
-431.348
-479.573
-510.383
-557.269
-577.362
-613.531
-643.002
-669.794
-685.869
-691.227
-712.66
-716.679
-716.679
-708.642
-699.265
-696.585
-695.246
-687.208
-673.812
-663.096
-647.021
-632.285
-598.796
-573.344
-539.854
-510.383
-488.95
-454.121
-419.291
-376.425
-346.954
-314.804
-274.616
-223.712
-187.543
-158.072
-100.47
-53.5848
2.67777
40.1861
81.7133
111.184
147.353
188.88
223.709
239.784
262.557
293.368
306.763
328.197
332.216
330.876
344.272
353.649
357.668
363.026
352.309
360.347
361.686
360.347
356.328
345.611
342.932
340.253
326.857
308.103
289.349
273.274
255.859
238.445
221.03
196.918
175.484
146.013
113.863
83.0528
41.5257
16.0736
-18.7556
-40.1889
-77.6973
-121.904
-160.752
-196.92
-234.429
-270.597
-305.427
-338.916
-359.01
-395.179
-428.668
-456.8
-494.308
-518.421
-551.91
-578.702
-606.833
-628.267
-653.719
-669.794
-681.85
-683.19
-696.585
-695.246
-705.962
-696.585
-692.567
-695.246
-681.85
-677.831
-661.756
-647.021
-626.927
-616.21
-602.814
-588.079
-554.589
-535.835
-509.044
-484.931
-463.498
-431.348
-399.198
-367.048
-330.879
-308.106
-270.597
-242.466
-214.335
-184.864
-162.091
-129.941
-103.149
-64.3015
-34.8306
-14.7368
25.4507
52.2424
80.3737
97.7883
113.863
136.636
150.032
170.126
168.786
184.861
188.88
195.578
192.899
188.88
179.503
179.503
167.447
160.749
150.032
150.032
133.957
129.938
127.259
111.184
105.826
80.3737
72.3362
42.8653
34.8278
6.69653
-18.7556
-38.8493
-69.6598
-85.7348
-120.564
-128.602
-156.733
-171.468
-187.543
-211.656
-214.335
-233.089
-237.108
-250.504
-254.522
-261.22
-270.597
-271.937
-289.352
-292.031
-297.389
-296.05
-301.408
-308.106
-310.785
-316.143
-325.52
-326.86
-344.275
-350.973
-363.029
-371.066
-369.727
-377.764
-377.764
-381.783
-388.481
-387.141
-396.518
-409.914
-415.273
-416.612
-419.291
-427.329
-421.971
-425.989
-431.348
-419.291
-419.291
-413.933
-408.575
-405.896
-393.839
-391.16
-368.387
-349.633
-334.898
-321.502
-314.804
-285.333
-259.881
-239.787
-214.335
-194.241
-171.468
-140.658
-117.885
-99.1307
-83.0556
-64.3015
-30.8118
-8.0389
18.7528
36.1674
72.3362
99.1279
120.561
152.711
168.786
191.559
223.709
255.859
282.651
309.443
341.593
376.422
393.836
417.949
430.005
466.174
482.249
503.682
509.041
535.832
549.228
570.662
586.737
589.416
613.528
626.924
652.376
657.735
667.112
672.47
687.205
695.243
693.903
703.28
711.318
722.035
736.77
739.449
754.185
751.506
756.864
751.506
747.487
755.524
750.166
760.883
754.185
752.845
752.845
740.789
739.449
730.072
724.714
722.035
712.658
711.318
703.28
693.903
684.526
683.187
661.753
655.055
641.66
628.264
614.868
594.774
582.718
562.624
545.21
526.455
511.72
496.984
482.249
459.476
450.099
435.364
412.591
403.214
375.082
350.97
321.499
300.066
278.632
255.859
235.765
211.653
198.257
174.145
156.73
132.617
115.203
88.4112
80.3737
56.2612
52.2424
38.8466
29.4695
17.4132
-6.69932
-22.7743
-42.8681
-56.2639
-81.7161
-96.4515
-116.545
-139.318
-159.412
-187.543
-210.316
-230.41
-250.504
-262.56
-289.352
-301.408
-322.841
-337.577
-363.029
-387.141
-401.877
-424.65
-446.083
-472.875
-491.629
-519.76
-538.514
-554.589
-570.664
-596.117
-612.192
-632.285
-640.323
-661.756
-675.152
-691.227
-701.944
-707.302
-707.302
-704.623
-714
-714
-712.66
-724.717
-731.415
-730.075
-730.075
-728.735
-724.717
-707.302
-705.962
-695.246
-693.906
-688.548
-683.19
-684.529
-687.208
-688.548
-680.51
-676.492
-681.85
-684.529
-688.548
-691.227
-687.208
-683.19
-680.51
-685.869
-680.51
-676.492
-673.812
-663.096
-668.454
-649.7
-644.342
-622.908
-613.531
-600.135
-582.721
-566.646
-545.212
-531.816
-511.723
-495.648
-470.196
-443.404
-416.612
-397.858
-372.406
-340.256
-305.427
-269.258
-245.145
-214.335
-184.864
-141.997
-103.149
-77.6973
-45.5473
-12.0577
25.4507
64.2987
103.147
141.995
183.522
215.672
251.84
275.953
317.48
356.328
393.836
428.666
451.439
476.891
511.72
542.53
573.341
605.491
636.301
665.772
704.62
724.714
744.808
763.562
789.014
797.051
819.824
837.239
842.597
862.691
872.068
877.426
886.804
889.483
893.501
904.218
905.558
906.897
898.86
884.124
874.747
865.37
854.654
838.579
823.843
811.787
784.995
768.92
734.091
704.62
675.149
634.962
608.17
557.266
525.116
486.268
442.062
405.893
354.989
322.838
275.953
241.124
192.899
147.353
107.165
61.6195
13.3945
-37.5098
-77.6973
-131.281
-174.147
-225.052
-274.616
-313.464
-352.312
-396.518
-439.385
-482.252
-518.421
-559.948
-601.475
-641.662
-667.114
-700.604
-735.433
-778.3
-811.79
-837.242
-869.392
-890.825
-914.938
-932.352
-951.106
-968.521
-983.256
-995.313
-997.992
-1003.35
-996.652
-1000.67
-1000.67
-1003.35
-985.936
-980.577
-963.163
-944.408
-929.673
-902.881
-868.052
-841.26
-813.129
-778.3
-742.131
-703.283
-669.794
-630.946
-600.135
-546.552
-502.346
-456.8
-416.612
-368.387
-324.181
-278.635
-238.447
-198.26
-162.091
-120.564
-73.6785
-37.5098
5.35694
38.8466
77.6945
113.863
152.711
180.843
211.653
237.105
266.576
289.349
309.443
324.178
342.932
353.649
369.724
381.78
399.195
411.251
420.628
434.024
425.986
439.382
448.759
452.778
455.457
451.439
446.08
452.778
455.457
446.08
444.741
434.024
425.986
415.27
403.214
395.176
385.799
385.799
384.459
372.403
373.743
365.705
364.366
365.705
363.026
364.366
364.366
369.724
369.724
380.441
377.761
372.403
364.366
365.705
359.007
360.347
353.649
344.272
352.309
341.593
344.272
325.518
333.555
333.555
333.555
324.178
316.141
320.159
316.141
317.48
309.443
310.782
313.461
313.461
314.801
310.782
304.084
309.443
321.499
320.159
316.141
306.763
300.066
292.028
279.972
271.934
262.557
250.501
241.124
226.388
212.993
195.578
179.503
166.107
136.636
123.24
93.7695
61.6195
34.8278
1.33819
-18.7556
-52.2452
-77.6973
-109.847
-144.677
-170.129
-211.656
-238.447
-275.956
-306.766
-337.577
-372.406
-400.537
-435.366
-448.762
-492.969
-519.76
-543.873
-569.325
-585.4
-612.192
-630.946
-655.058
-665.775
-692.567
-705.962
-728.735
-736.773
-747.49
-752.848
-763.565
-767.583
-755.527
-759.546
-744.81
-738.112
-727.396
-709.981
-687.208
-664.435
-633.625
-605.494
-590.758
-570.664
